<TICKER>;<PER>;<DATE>;<TIME>;<CLOSE>
GAZP;60;20220103;080000;345.3800000
GAZP;60;20220103;090000;346.8200000
GAZP;60;20220103;100000;346.6200000
GAZP;60;20220103;110000;350.3300000
GAZP;60;20220103;120000;350.2300000
GAZP;60;20220103;130000;351.6000000
GAZP;60;20220103;140000;351.3500000
GAZP;60;20220103;150000;350.9000000
GAZP;60;20220103;160000;351.4400000
GAZP;60;20220103;170000;350.8400000
GAZP;60;20220103;180000;350.2800000
GAZP;60;20220103;190000;350.9000000
GAZP;60;20220103;200000;350.7900000
GAZP;60;20220103;210000;351.1100000
GAZP;60;20220103;220000;351.8300000
GAZP;60;20220103;230000;352.8700000
GAZP;60;20220104;000000;353.7300000
GAZP;60;20220104;080000;356.5800000
GAZP;60;20220104;090000;357.2500000
GAZP;60;20220104;100000;356.3200000
GAZP;60;20220104;110000;352.4700000
GAZP;60;20220104;120000;351.0500000
GAZP;60;20220104;130000;353.6700000
GAZP;60;20220104;140000;354.2200000
GAZP;60;20220104;150000;353.8500000
GAZP;60;20220104;160000;352.3400000
GAZP;60;20220104;170000;353.1500000
GAZP;60;20220104;180000;352.6400000
GAZP;60;20220104;190000;352.7000000
GAZP;60;20220104;200000;352.5200000
GAZP;60;20220104;210000;353.1700000
GAZP;60;20220104;220000;352.5800000
GAZP;60;20220104;230000;352.7700000
GAZP;60;20220105;000000;352.5500000
GAZP;60;20220105;080000;350.3000000
GAZP;60;20220105;090000;350.5700000
GAZP;60;20220105;100000;350.8800000
GAZP;60;20220105;110000;352.5800000
GAZP;60;20220105;120000;351.9100000
GAZP;60;20220105;130000;350.9900000
GAZP;60;20220105;140000;350.0900000
GAZP;60;20220105;150000;346.6500000
GAZP;60;20220105;160000;347.3300000
GAZP;60;20220105;170000;348.0200000
GAZP;60;20220105;180000;344.8500000
GAZP;60;20220105;190000;345.2000000
GAZP;60;20220105;200000;343.1900000
GAZP;60;20220105;210000;341.5400000
GAZP;60;20220105;220000;339.8500000
GAZP;60;20220105;230000;334.5600000
GAZP;60;20220106;000000;335.0000000
GAZP;60;20220106;080000;340.0400000
GAZP;60;20220106;090000;338.9900000
GAZP;60;20220106;100000;339.7300000
GAZP;60;20220106;110000;340.9300000
GAZP;60;20220106;120000;338.0000000
GAZP;60;20220106;130000;340.7700000
GAZP;60;20220106;140000;341.6400000
GAZP;60;20220106;150000;341.3400000
GAZP;60;20220106;160000;342.1500000
GAZP;60;20220106;170000;343.8000000
GAZP;60;20220106;180000;345.4200000
GAZP;60;20220106;190000;343.9800000
GAZP;60;20220106;200000;344.8100000
GAZP;60;20220106;210000;345.1700000
GAZP;60;20220106;220000;344.7400000
GAZP;60;20220106;230000;346.8000000
GAZP;60;20220107;000000;346.1300000
GAZP;60;20220110;080000;350.2200000
GAZP;60;20220110;090000;349.6800000
GAZP;60;20220110;100000;349.3900000
GAZP;60;20220110;110000;349.1900000
GAZP;60;20220110;120000;347.4200000
GAZP;60;20220110;130000;348.0500000
GAZP;60;20220110;140000;346.0500000
GAZP;60;20220110;150000;343.9900000
GAZP;60;20220110;160000;341.4400000
GAZP;60;20220110;170000;342.9100000
GAZP;60;20220110;180000;341.6500000
GAZP;60;20220110;190000;342.4600000
GAZP;60;20220110;200000;344.6500000
GAZP;60;20220110;210000;344.1200000
GAZP;60;20220110;220000;345.4000000
GAZP;60;20220110;230000;343.8000000
GAZP;60;20220111;000000;344.0000000
GAZP;60;20220111;080000;344.2000000
GAZP;60;20220111;090000;343.6500000
GAZP;60;20220111;100000;342.3800000
GAZP;60;20220111;110000;343.6300000
GAZP;60;20220111;120000;343.8000000
GAZP;60;20220111;130000;343.0500000
GAZP;60;20220111;140000;344.6800000
GAZP;60;20220111;150000;345.0000000
GAZP;60;20220111;160000;345.6200000
GAZP;60;20220111;170000;344.9700000
GAZP;60;20220111;180000;342.2800000
GAZP;60;20220111;190000;342.2200000
GAZP;60;20220111;200000;344.3100000
GAZP;60;20220111;210000;343.8000000
GAZP;60;20220111;220000;344.2000000
GAZP;60;20220111;230000;343.7600000
GAZP;60;20220112;000000;343.7400000
GAZP;60;20220112;080000;341.9400000
GAZP;60;20220112;090000;341.8500000
GAZP;60;20220112;100000;341.8600000
GAZP;60;20220112;110000;340.7500000
GAZP;60;20220112;120000;342.5400000
GAZP;60;20220112;130000;343.4300000
GAZP;60;20220112;140000;345.4000000
GAZP;60;20220112;150000;346.6000000
GAZP;60;20220112;160000;347.3400000
GAZP;60;20220112;170000;346.9400000
GAZP;60;20220112;180000;347.8300000
GAZP;60;20220112;190000;346.9000000
GAZP;60;20220112;200000;347.1900000
GAZP;60;20220112;210000;347.8500000
GAZP;60;20220112;220000;347.1400000
GAZP;60;20220112;230000;347.0100000
GAZP;60;20220113;000000;347.4300000
GAZP;60;20220113;080000;346.0400000
GAZP;60;20220113;090000;345.6000000
GAZP;60;20220113;100000;345.6800000
GAZP;60;20220113;110000;344.9500000
GAZP;60;20220113;120000;346.6800000
GAZP;60;20220113;130000;346.0300000
GAZP;60;20220113;140000;344.5800000
GAZP;60;20220113;150000;335.7400000
GAZP;60;20220113;160000;337.7800000
GAZP;60;20220113;170000;340.4800000
GAZP;60;20220113;180000;336.8500000
GAZP;60;20220113;190000;334.6900000
GAZP;60;20220113;200000;337.9800000
GAZP;60;20220113;210000;336.8800000
GAZP;60;20220113;220000;338.0600000
GAZP;60;20220113;230000;337.5100000
GAZP;60;20220114;000000;337.6000000
GAZP;60;20220114;080000;339.4000000
GAZP;60;20220114;090000;337.9400000
GAZP;60;20220114;100000;339.0000000
GAZP;60;20220114;110000;337.1400000
GAZP;60;20220114;120000;335.6400000
GAZP;60;20220114;130000;330.4900000
GAZP;60;20220114;140000;328.4000000
GAZP;60;20220114;150000;330.6200000
GAZP;60;20220114;160000;330.8900000
GAZP;60;20220114;170000;326.3600000
GAZP;60;20220114;180000;334.7000000
GAZP;60;20220114;190000;332.2100000
GAZP;60;20220114;200000;334.1600000
GAZP;60;20220114;210000;334.0200000
GAZP;60;20220114;220000;333.9000000
GAZP;60;20220114;230000;335.0000000
GAZP;60;20220115;000000;335.7600000
GAZP;60;20220117;080000;334.8200000
GAZP;60;20220117;090000;335.9800000
GAZP;60;20220117;100000;337.6000000
GAZP;60;20220117;110000;335.1000000
GAZP;60;20220117;120000;330.8400000
GAZP;60;20220117;130000;329.4200000
GAZP;60;20220117;140000;327.5300000
GAZP;60;20220117;150000;326.7800000
GAZP;60;20220117;160000;326.8000000
GAZP;60;20220117;170000;326.4200000
GAZP;60;20220117;180000;320.4100000
GAZP;60;20220117;190000;327.3000000
GAZP;60;20220117;200000;329.1100000
GAZP;60;20220117;210000;328.4200000
GAZP;60;20220117;220000;327.8100000
GAZP;60;20220117;230000;327.3600000
GAZP;60;20220118;000000;327.8100000
GAZP;60;20220118;080000;323.9600000
GAZP;60;20220118;090000;323.8800000
GAZP;60;20220118;100000;321.8700000
GAZP;60;20220118;110000;320.2200000
GAZP;60;20220118;120000;321.6500000
GAZP;60;20220118;130000;321.0000000
GAZP;60;20220118;140000;321.6100000
GAZP;60;20220118;150000;311.7600000
GAZP;60;20220118;160000;308.8600000
GAZP;60;20220118;170000;305.9000000
GAZP;60;20220118;180000;305.6000000
GAZP;60;20220118;190000;299.4700000
GAZP;60;20220118;200000;305.3000000
GAZP;60;20220118;210000;301.0100000
GAZP;60;20220118;220000;302.5900000
GAZP;60;20220118;230000;304.4400000
GAZP;60;20220119;000000;301.1100000
GAZP;60;20220119;080000;289.2300000
GAZP;60;20220119;090000;285.9700000
GAZP;60;20220119;100000;292.4500000
GAZP;60;20220119;110000;309.0800000
GAZP;60;20220119;120000;314.6000000
GAZP;60;20220119;130000;316.6800000
GAZP;60;20220119;140000;315.9800000
GAZP;60;20220119;150000;318.6300000
GAZP;60;20220119;160000;316.7200000
GAZP;60;20220119;170000;317.6500000
GAZP;60;20220119;180000;317.6400000
GAZP;60;20220119;190000;316.8300000
GAZP;60;20220119;200000;318.7800000
GAZP;60;20220119;210000;319.1500000
GAZP;60;20220119;220000;318.7900000
GAZP;60;20220119;230000;319.1000000
GAZP;60;20220120;000000;318.3600000
GAZP;60;20220120;080000;322.0900000
GAZP;60;20220120;090000;323.4000000
GAZP;60;20220120;100000;324.5700000
GAZP;60;20220120;110000;318.6600000
GAZP;60;20220120;120000;315.7700000
GAZP;60;20220120;130000;316.7800000
GAZP;60;20220120;140000;314.0400000
GAZP;60;20220120;150000;314.1000000
GAZP;60;20220120;160000;312.0900000
GAZP;60;20220120;170000;315.4000000
GAZP;60;20220120;180000;318.7500000
GAZP;60;20220120;190000;318.1000000
GAZP;60;20220120;200000;314.8900000
GAZP;60;20220120;210000;315.6000000
GAZP;60;20220120;220000;313.7000000
GAZP;60;20220120;230000;313.0600000
GAZP;60;20220121;000000;310.4200000
GAZP;60;20220121;080000;308.3000000
GAZP;60;20220121;090000;309.0800000
GAZP;60;20220121;100000;307.1800000
GAZP;60;20220121;110000;310.0800000
GAZP;60;20220121;120000;311.2600000
GAZP;60;20220121;130000;313.0600000
GAZP;60;20220121;140000;314.1000000
GAZP;60;20220121;150000;315.2600000
GAZP;60;20220121;160000;318.2000000
GAZP;60;20220121;170000;316.0600000
GAZP;60;20220121;180000;312.4100000
GAZP;60;20220121;190000;313.4700000
GAZP;60;20220121;200000;312.9000000
GAZP;60;20220121;210000;313.2000000
GAZP;60;20220121;220000;312.0000000
GAZP;60;20220121;230000;310.1400000
GAZP;60;20220122;000000;311.6000000
GAZP;60;20220124;080000;312.5000000
GAZP;60;20220124;090000;313.6000000
GAZP;60;20220124;100000;311.8200000
GAZP;60;20220124;110000;305.7900000
GAZP;60;20220124;120000;299.6700000
GAZP;60;20220124;130000;295.0000000
GAZP;60;20220124;140000;281.4500000
GAZP;60;20220124;150000;286.1300000
GAZP;60;20220124;160000;286.1000000
GAZP;60;20220124;170000;292.8700000
GAZP;60;20220124;180000;292.0700000
GAZP;60;20220124;190000;292.7500000
GAZP;60;20220124;200000;290.9000000
GAZP;60;20220124;210000;291.5200000
GAZP;60;20220124;220000;292.7400000
GAZP;60;20220124;230000;292.7500000
GAZP;60;20220125;000000;294.5900000
GAZP;60;20220125;080000;293.3600000
GAZP;60;20220125;090000;295.4700000
GAZP;60;20220125;100000;299.2400000
GAZP;60;20220125;110000;296.6600000
GAZP;60;20220125;120000;297.9700000
GAZP;60;20220125;130000;298.3400000
GAZP;60;20220125;140000;297.4400000
GAZP;60;20220125;150000;297.7700000
GAZP;60;20220125;160000;294.9000000
GAZP;60;20220125;170000;295.6300000
GAZP;60;20220125;180000;293.1900000
GAZP;60;20220125;190000;294.3400000
GAZP;60;20220125;200000;296.3400000
GAZP;60;20220125;210000;296.4200000
GAZP;60;20220125;220000;304.2000000
GAZP;60;20220125;230000;303.0000000
GAZP;60;20220126;000000;302.9600000
GAZP;60;20220126;080000;301.6000000
GAZP;60;20220126;090000;301.1400000
GAZP;60;20220126;100000;300.7600000
GAZP;60;20220126;110000;295.1800000
GAZP;60;20220126;120000;297.5100000
GAZP;60;20220126;130000;300.3200000
GAZP;60;20220126;140000;302.2100000
GAZP;60;20220126;150000;303.6800000
GAZP;60;20220126;160000;304.3400000
GAZP;60;20220126;170000;306.8300000
GAZP;60;20220126;180000;305.9400000
GAZP;60;20220126;190000;302.4200000
GAZP;60;20220126;200000;303.3800000
GAZP;60;20220126;210000;302.6900000
GAZP;60;20220126;220000;303.3000000
GAZP;60;20220126;230000;302.0000000
GAZP;60;20220127;000000;299.6000000
GAZP;60;20220127;080000;297.8000000
GAZP;60;20220127;090000;297.5000000
GAZP;60;20220127;100000;296.7100000
GAZP;60;20220127;110000;300.6300000
GAZP;60;20220127;120000;310.4700000
GAZP;60;20220127;130000;314.6400000
GAZP;60;20220127;140000;318.3300000
GAZP;60;20220127;150000;317.6000000
GAZP;60;20220127;160000;321.7500000
GAZP;60;20220127;170000;325.9800000
GAZP;60;20220127;180000;323.7900000
GAZP;60;20220127;190000;323.0200000
GAZP;60;20220127;200000;324.7000000
GAZP;60;20220127;210000;322.2900000
GAZP;60;20220127;220000;323.1600000
GAZP;60;20220127;230000;323.1800000
GAZP;60;20220128;000000;325.2500000
GAZP;60;20220128;080000;327.9700000
GAZP;60;20220128;090000;332.6300000
GAZP;60;20220128;100000;329.8500000
GAZP;60;20220128;110000;324.8700000
GAZP;60;20220128;120000;324.7400000
GAZP;60;20220128;130000;328.6900000
GAZP;60;20220128;140000;330.1400000
GAZP;60;20220128;150000;330.8800000
GAZP;60;20220128;160000;329.1700000
GAZP;60;20220128;170000;330.0200000
GAZP;60;20220128;180000;330.6400000
GAZP;60;20220128;190000;328.8800000
GAZP;60;20220128;200000;329.6700000
GAZP;60;20220128;210000;328.9800000
GAZP;60;20220128;220000;329.4000000
GAZP;60;20220128;230000;328.4100000
GAZP;60;20220129;000000;329.5800000
GAZP;60;20220131;080000;331.6800000
GAZP;60;20220131;090000;332.6300000
GAZP;60;20220131;100000;333.1600000
GAZP;60;20220131;110000;335.5300000
GAZP;60;20220131;120000;334.3100000
GAZP;60;20220131;130000;334.6100000
GAZP;60;20220131;140000;333.8900000
GAZP;60;20220131;150000;332.4500000
GAZP;60;20220131;160000;334.6000000
GAZP;60;20220131;170000;334.2400000
GAZP;60;20220131;180000;333.1400000
GAZP;60;20220131;190000;331.1000000
GAZP;60;20220131;200000;333.2700000
GAZP;60;20220131;210000;333.3300000
GAZP;60;20220131;220000;333.7700000
GAZP;60;20220131;230000;333.7300000
GAZP;60;20220201;000000;334.8000000
GAZP;60;20220201;080000;335.2100000
GAZP;60;20220201;090000;335.0300000
GAZP;60;20220201;100000;334.4300000
GAZP;60;20220201;110000;331.1500000
GAZP;60;20220201;120000;332.4200000
GAZP;60;20220201;130000;332.7100000
GAZP;60;20220201;140000;333.0000000
GAZP;60;20220201;150000;332.8700000
GAZP;60;20220201;160000;329.3200000
GAZP;60;20220201;170000;330.3900000
GAZP;60;20220201;180000;329.4500000
GAZP;60;20220201;190000;329.8000000
GAZP;60;20220201;200000;329.6000000
GAZP;60;20220201;210000;327.0300000
GAZP;60;20220201;220000;327.6000000
GAZP;60;20220201;230000;326.6000000
GAZP;60;20220202;000000;330.9500000
GAZP;60;20220202;080000;329.7600000
GAZP;60;20220202;090000;331.6000000
GAZP;60;20220202;100000;332.2400000
GAZP;60;20220202;110000;330.3900000
GAZP;60;20220202;120000;330.0800000
GAZP;60;20220202;130000;327.3500000
GAZP;60;20220202;140000;328.9900000
GAZP;60;20220202;150000;330.9600000
GAZP;60;20220202;160000;332.4800000
GAZP;60;20220202;170000;331.5900000
GAZP;60;20220202;180000;331.7600000
GAZP;60;20220202;190000;330.9400000
GAZP;60;20220202;200000;329.9300000
GAZP;60;20220202;210000;331.1300000
GAZP;60;20220202;220000;331.8800000
GAZP;60;20220202;230000;331.7100000
GAZP;60;20220203;000000;331.7000000
GAZP;60;20220203;080000;329.8500000
GAZP;60;20220203;090000;329.2000000
GAZP;60;20220203;100000;328.0400000
GAZP;60;20220203;110000;327.7300000
GAZP;60;20220203;120000;328.2300000
GAZP;60;20220203;130000;324.2900000
GAZP;60;20220203;140000;324.1700000
GAZP;60;20220203;150000;325.6500000
GAZP;60;20220203;160000;326.9800000
GAZP;60;20220203;170000;325.1300000
GAZP;60;20220203;180000;322.6000000
GAZP;60;20220203;190000;324.8200000
GAZP;60;20220203;200000;322.7700000
GAZP;60;20220203;210000;323.8200000
GAZP;60;20220203;220000;324.4000000
GAZP;60;20220203;230000;323.8300000
GAZP;60;20220204;000000;323.7500000
GAZP;60;20220204;080000;325.2200000
GAZP;60;20220204;090000;326.1900000
GAZP;60;20220204;100000;326.2000000
GAZP;60;20220204;110000;329.4800000
GAZP;60;20220204;120000;332.0900000
GAZP;60;20220204;130000;330.8900000
GAZP;60;20220204;140000;330.5800000
GAZP;60;20220204;150000;326.8900000
GAZP;60;20220204;160000;327.0500000
GAZP;60;20220204;170000;323.0200000
GAZP;60;20220204;180000;322.1500000
GAZP;60;20220204;190000;321.5000000
GAZP;60;20220204;200000;322.9000000
GAZP;60;20220204;210000;324.3000000
GAZP;60;20220204;220000;325.3000000
GAZP;60;20220204;230000;325.0900000
GAZP;60;20220205;000000;324.6000000
GAZP;60;20220207;080000;324.0000000
GAZP;60;20220207;090000;323.1400000
GAZP;60;20220207;100000;326.6100000
GAZP;60;20220207;110000;325.8800000
GAZP;60;20220207;120000;321.9700000
GAZP;60;20220207;130000;318.8600000
GAZP;60;20220207;140000;320.1700000
GAZP;60;20220207;150000;321.2100000
GAZP;60;20220207;160000;320.1400000
GAZP;60;20220207;170000;318.4500000
GAZP;60;20220207;180000;320.5000000
GAZP;60;20220207;190000;320.8900000
GAZP;60;20220207;200000;319.7100000
GAZP;60;20220207;210000;320.3900000
GAZP;60;20220207;220000;320.8700000
GAZP;60;20220207;230000;321.2100000
GAZP;60;20220208;000000;321.2500000
GAZP;60;20220208;080000;320.4200000
GAZP;60;20220208;090000;320.2900000
GAZP;60;20220208;100000;323.2200000
GAZP;60;20220208;110000;322.5900000
GAZP;60;20220208;120000;324.3200000
GAZP;60;20220208;130000;327.2100000
GAZP;60;20220208;140000;326.3700000
GAZP;60;20220208;150000;329.1000000
GAZP;60;20220208;160000;330.2700000
GAZP;60;20220208;170000;327.6200000
GAZP;60;20220208;180000;330.1000000
GAZP;60;20220208;190000;331.2500000
GAZP;60;20220208;200000;330.1700000
GAZP;60;20220208;210000;330.8000000
GAZP;60;20220208;220000;330.5500000
GAZP;60;20220208;230000;330.6700000
GAZP;60;20220209;000000;331.7000000
GAZP;60;20220209;080000;334.6900000
GAZP;60;20220209;090000;334.8200000
GAZP;60;20220209;100000;333.8200000
GAZP;60;20220209;110000;332.1500000
GAZP;60;20220209;120000;334.4100000
GAZP;60;20220209;130000;334.2500000
GAZP;60;20220209;140000;334.0400000
GAZP;60;20220209;150000;335.1500000
GAZP;60;20220209;160000;333.6400000
GAZP;60;20220209;170000;334.0800000
GAZP;60;20220209;180000;335.1600000
GAZP;60;20220209;190000;335.6300000
GAZP;60;20220209;200000;334.3800000
GAZP;60;20220209;210000;335.2900000
GAZP;60;20220209;220000;334.9800000
GAZP;60;20220209;230000;334.8000000
GAZP;60;20220210;000000;335.0800000
GAZP;60;20220210;080000;333.4500000
GAZP;60;20220210;090000;332.5400000
GAZP;60;20220210;100000;333.7000000
GAZP;60;20220210;110000;330.6200000
GAZP;60;20220210;120000;328.9600000
GAZP;60;20220210;130000;329.8000000
GAZP;60;20220210;140000;330.0000000
GAZP;60;20220210;150000;329.2300000
GAZP;60;20220210;160000;330.1100000
GAZP;60;20220210;170000;329.8700000
GAZP;60;20220210;180000;330.8300000
GAZP;60;20220210;190000;331.0600000
GAZP;60;20220210;200000;332.1700000
GAZP;60;20220210;210000;331.2000000
GAZP;60;20220210;220000;330.6000000
GAZP;60;20220210;230000;329.8800000
GAZP;60;20220211;000000;328.9300000
GAZP;60;20220211;080000;325.6600000
GAZP;60;20220211;090000;326.8400000
GAZP;60;20220211;100000;326.3200000
GAZP;60;20220211;110000;324.1800000
GAZP;60;20220211;120000;322.7000000
GAZP;60;20220211;130000;320.9900000
GAZP;60;20220211;140000;321.2800000
GAZP;60;20220211;150000;319.8900000
GAZP;60;20220211;160000;321.5100000
GAZP;60;20220211;170000;325.6800000
GAZP;60;20220211;180000;323.0700000
GAZP;60;20220211;190000;323.8800000
GAZP;60;20220211;200000;323.7400000
GAZP;60;20220211;210000;323.5900000
GAZP;60;20220211;220000;318.7400000
GAZP;60;20220211;230000;318.1000000
GAZP;60;20220212;000000;318.1000000
GAZP;60;20220214;080000;311.3300000
GAZP;60;20220214;090000;313.9500000
GAZP;60;20220214;100000;311.9000000
GAZP;60;20220214;110000;315.5000000
GAZP;60;20220214;120000;310.0000000
GAZP;60;20220214;130000;311.6500000
GAZP;60;20220214;140000;312.4900000
GAZP;60;20220214;150000;314.2300000
GAZP;60;20220214;160000;320.1800000
GAZP;60;20220214;170000;322.5000000
GAZP;60;20220214;180000;322.8800000
GAZP;60;20220214;190000;321.6700000
GAZP;60;20220214;200000;322.9900000
GAZP;60;20220214;210000;322.9900000
GAZP;60;20220214;220000;318.4500000
GAZP;60;20220214;230000;320.6400000
GAZP;60;20220215;000000;321.8500000
GAZP;60;20220215;080000;325.6900000
GAZP;60;20220215;090000;323.9700000
GAZP;60;20220215;100000;326.8900000
GAZP;60;20220215;110000;324.2900000
GAZP;60;20220215;120000;334.0800000
GAZP;60;20220215;130000;334.1000000
GAZP;60;20220215;140000;332.9300000
GAZP;60;20220215;150000;334.2700000
GAZP;60;20220215;160000;334.4800000
GAZP;60;20220215;170000;333.7000000
GAZP;60;20220215;180000;330.9600000
GAZP;60;20220215;190000;332.1600000
GAZP;60;20220215;200000;331.9500000
GAZP;60;20220215;210000;331.8400000
GAZP;60;20220215;220000;331.3300000
GAZP;60;20220215;230000;332.3300000
GAZP;60;20220216;000000;333.6000000
GAZP;60;20220216;080000;336.2200000
GAZP;60;20220216;090000;339.0700000
GAZP;60;20220216;100000;338.9900000
GAZP;60;20220216;110000;336.6200000
GAZP;60;20220216;120000;337.5000000
GAZP;60;20220216;130000;333.3000000
GAZP;60;20220216;140000;335.3500000
GAZP;60;20220216;150000;337.5500000
GAZP;60;20220216;160000;336.1300000
GAZP;60;20220216;170000;335.1200000
GAZP;60;20220216;180000;334.3700000
GAZP;60;20220216;190000;335.3000000
GAZP;60;20220216;200000;336.5200000
GAZP;60;20220216;210000;336.1600000
GAZP;60;20220216;220000;335.8300000
GAZP;60;20220216;230000;336.2900000
GAZP;60;20220217;000000;336.5000000
GAZP;60;20220217;080000;332.1500000
GAZP;60;20220217;090000;329.9000000
GAZP;60;20220217;100000;329.4600000
GAZP;60;20220217;110000;328.4400000
GAZP;60;20220217;120000;328.0000000
GAZP;60;20220217;130000;327.8900000
GAZP;60;20220217;140000;329.0000000
GAZP;60;20220217;150000;329.4700000
GAZP;60;20220217;160000;329.5000000
GAZP;60;20220217;170000;330.2100000
GAZP;60;20220217;180000;324.6800000
GAZP;60;20220217;190000;324.4600000
GAZP;60;20220217;200000;326.7500000
GAZP;60;20220217;210000;327.0300000
GAZP;60;20220217;220000;325.3800000
GAZP;60;20220217;230000;323.6600000
GAZP;60;20220218;000000;323.5100000
GAZP;60;20220218;080000;327.0000000
GAZP;60;20220218;090000;327.9000000
GAZP;60;20220218;100000;327.4400000
GAZP;60;20220218;110000;325.5000000
GAZP;60;20220218;120000;321.4900000
GAZP;60;20220218;130000;321.2000000
GAZP;60;20220218;140000;318.8400000
GAZP;60;20220218;150000;318.8400000
GAZP;60;20220218;160000;319.1300000
GAZP;60;20220218;170000;311.2000000
GAZP;60;20220218;180000;312.2000000
GAZP;60;20220218;190000;310.8100000
GAZP;60;20220218;200000;310.3400000
GAZP;60;20220218;210000;309.4300000
GAZP;60;20220218;220000;308.6000000
GAZP;60;20220218;230000;310.0000000
GAZP;60;20220219;000000;309.4800000
GAZP;60;20220221;080000;314.1600000
GAZP;60;20220221;090000;315.3800000
GAZP;60;20220221;100000;316.6200000
GAZP;60;20220221;110000;307.3100000
GAZP;60;20220221;120000;302.6000000
GAZP;60;20220221;130000;303.3600000
GAZP;60;20220221;140000;297.3600000
GAZP;60;20220221;150000;290.2000000
GAZP;60;20220221;160000;284.5800000
GAZP;60;20220221;170000;283.0000000
GAZP;60;20220221;180000;276.1300000
GAZP;60;20220221;190000;278.1500000
GAZP;60;20220221;200000;283.0600000
GAZP;60;20220221;210000;273.7300000
GAZP;60;20220221;220000;262.2000000
GAZP;60;20220221;230000;264.2300000
GAZP;60;20220222;000000;257.3000000
GAZP;60;20220222;080000;264.8300000
GAZP;60;20220222;090000;269.3800000
GAZP;60;20220222;100000;254.1400000
GAZP;60;20220222;110000;259.7600000
GAZP;60;20220222;120000;264.3400000
GAZP;60;20220222;130000;268.9300000
GAZP;60;20220222;140000;271.0000000
GAZP;60;20220222;150000;267.3800000
GAZP;60;20220222;160000;276.2800000
GAZP;60;20220222;170000;275.5100000
GAZP;60;20220222;180000;282.4100000
GAZP;60;20220222;190000;279.2000000
GAZP;60;20220222;200000;273.9600000
GAZP;60;20220222;210000;269.8500000
GAZP;60;20220222;220000;271.8400000
GAZP;60;20220222;230000;280.8000000
GAZP;60;20220223;000000;283.5100000
GAZP;60;20220224;080000;250.9000000
GAZP;60;20220224;100000;250.9000000
GAZP;60;20220224;110000;179.3300000
GAZP;60;20220224;120000;129.4700000
GAZP;60;20220224;130000;190.0100000
GAZP;60;20220224;140000;184.0600000
GAZP;60;20220224;150000;165.3600000
GAZP;60;20220224;160000;174.7800000
GAZP;60;20220224;170000;166.0900000
GAZP;60;20220224;180000;171.9500000
GAZP;60;20220224;190000;189.1000000
GAZP;60;20220224;200000;184.3600000
GAZP;60;20220224;210000;187.8100000
GAZP;60;20220224;220000;216.3400000
GAZP;60;20220224;230000;214.4700000
GAZP;60;20220225;000000;210.0000000
GAZP;60;20220225;100000;208.0100000
GAZP;60;20220225;110000;229.6900000
GAZP;60;20220225;120000;207.0400000
GAZP;60;20220225;130000;207.9900000
GAZP;60;20220225;140000;200.7400000
GAZP;60;20220225;150000;210.3200000
GAZP;60;20220225;160000;230.6500000
GAZP;60;20220225;170000;235.5200000
GAZP;60;20220225;180000;227.0000000
GAZP;60;20220225;190000;238.0000000
GAZP;60;20220225;200000;231.8900000
GAZP;60;20220225;210000;230.2900000
GAZP;60;20220225;220000;224.1200000
GAZP;60;20220225;230000;223.3200000
GAZP;60;20220226;000000;228.0000000
GAZP;60;20220324;110000;269.0500000
GAZP;60;20220324;120000;265.0500000
GAZP;60;20220324;130000;261.7100000
GAZP;60;20220324;140000;258.5100000
GAZP;60;20220325;110000;248.7400000
GAZP;60;20220325;120000;236.9100000
GAZP;60;20220325;130000;228.4700000
GAZP;60;20220325;140000;227.0000000
GAZP;60;20220328;110000;226.1600000
GAZP;60;20220328;120000;225.9900000
GAZP;60;20220328;130000;218.4900000
GAZP;60;20220328;140000;218.6000000
GAZP;60;20220329;110000;222.0000000
GAZP;60;20220329;120000;219.0000000
GAZP;60;20220329;130000;208.7600000
GAZP;60;20220329;140000;208.0000000
GAZP;60;20220330;110000;215.6100000
GAZP;60;20220330;120000;213.4900000
GAZP;60;20220330;130000;215.0100000
GAZP;60;20220330;140000;216.0000000
GAZP;60;20220331;110000;229.0500000
GAZP;60;20220331;120000;234.8900000
GAZP;60;20220331;130000;241.5400000
GAZP;60;20220331;140000;242.8500000
GAZP;60;20220331;150000;241.1900000
GAZP;60;20220331;160000;233.1300000
GAZP;60;20220331;170000;239.0000000
GAZP;60;20220331;180000;240.0200000
GAZP;60;20220331;190000;242.4800000
GAZP;60;20220401;110000;253.9000000
GAZP;60;20220401;120000;247.6600000
GAZP;60;20220401;130000;249.3300000
GAZP;60;20220401;140000;247.3000000
GAZP;60;20220401;150000;251.2500000
GAZP;60;20220401;160000;249.8000000
GAZP;60;20220401;170000;252.2100000
GAZP;60;20220401;180000;252.0500000
GAZP;60;20220401;190000;251.4000000
GAZP;60;20220404;110000;249.6000000
GAZP;60;20220404;120000;252.1500000
GAZP;60;20220404;130000;253.1200000
GAZP;60;20220404;140000;251.5300000
GAZP;60;20220404;150000;252.6900000
GAZP;60;20220404;160000;252.3300000
GAZP;60;20220404;170000;251.9200000
GAZP;60;20220404;180000;252.1300000
GAZP;60;20220404;190000;252.9000000
GAZP;60;20220405;110000;247.2000000
GAZP;60;20220405;120000;245.6200000
GAZP;60;20220405;130000;244.2000000
GAZP;60;20220405;140000;239.0900000
GAZP;60;20220405;150000;241.0000000
GAZP;60;20220405;160000;246.1300000
GAZP;60;20220405;170000;246.8100000
GAZP;60;20220405;180000;243.7400000
GAZP;60;20220405;190000;243.5000000
GAZP;60;20220406;110000;243.9100000
GAZP;60;20220406;120000;246.3000000
GAZP;60;20220406;130000;247.0700000
GAZP;60;20220406;140000;244.7300000
GAZP;60;20220406;150000;243.8700000
GAZP;60;20220406;160000;245.8000000
GAZP;60;20220406;170000;244.2700000
GAZP;60;20220406;180000;243.0100000
GAZP;60;20220406;190000;239.7000000
GAZP;60;20220407;110000;241.1900000
GAZP;60;20220407;120000;241.2600000
GAZP;60;20220407;130000;241.0000000
GAZP;60;20220407;140000;240.8700000
GAZP;60;20220407;150000;241.5000000
GAZP;60;20220407;160000;241.2500000
GAZP;60;20220407;170000;244.0100000
GAZP;60;20220407;180000;244.6500000
GAZP;60;20220407;190000;245.0000000
GAZP;60;20220408;110000;242.6500000
GAZP;60;20220408;120000;242.5600000
GAZP;60;20220408;130000;243.4200000
GAZP;60;20220408;140000;242.9200000
GAZP;60;20220408;150000;240.1700000
GAZP;60;20220408;160000;241.1100000
GAZP;60;20220408;170000;242.3000000
GAZP;60;20220408;180000;242.0700000
GAZP;60;20220408;190000;241.0700000
GAZP;60;20220411;110000;242.0800000
GAZP;60;20220411;120000;240.8600000
GAZP;60;20220411;130000;240.4900000
GAZP;60;20220411;140000;240.9500000
GAZP;60;20220411;150000;239.1000000
GAZP;60;20220411;160000;239.3500000
GAZP;60;20220411;170000;236.1600000
GAZP;60;20220411;180000;235.7100000
GAZP;60;20220411;190000;234.5500000
GAZP;60;20220412;110000;229.0400000
GAZP;60;20220412;120000;226.7200000
GAZP;60;20220412;130000;225.7700000
GAZP;60;20220412;140000;226.7100000
GAZP;60;20220412;150000;227.7000000
GAZP;60;20220412;160000;229.8600000
GAZP;60;20220412;170000;233.0000000
GAZP;60;20220412;180000;235.4700000
GAZP;60;20220412;190000;236.3000000
GAZP;60;20220413;110000;236.7500000
GAZP;60;20220413;120000;234.8500000
GAZP;60;20220413;130000;234.2000000
GAZP;60;20220413;140000;235.2300000
GAZP;60;20220413;150000;234.9500000
GAZP;60;20220413;160000;234.5900000
GAZP;60;20220413;170000;233.2000000
GAZP;60;20220413;180000;234.6000000
GAZP;60;20220413;190000;234.8700000
GAZP;60;20220414;110000;230.1000000
GAZP;60;20220414;120000;229.6000000
GAZP;60;20220414;130000;229.0800000
GAZP;60;20220414;140000;229.3600000
GAZP;60;20220414;150000;228.4800000
GAZP;60;20220414;160000;226.8100000
GAZP;60;20220414;170000;224.7000000
GAZP;60;20220414;180000;223.7900000
GAZP;60;20220414;190000;222.1100000
GAZP;60;20220415;110000;222.8700000
GAZP;60;20220415;120000;224.4500000
GAZP;60;20220415;130000;222.1300000
GAZP;60;20220415;140000;220.9800000
GAZP;60;20220415;150000;223.5500000
GAZP;60;20220415;160000;222.8700000
GAZP;60;20220415;170000;222.3700000
GAZP;60;20220415;180000;224.0200000
GAZP;60;20220415;190000;224.0000000
GAZP;60;20220418;110000;220.8000000
GAZP;60;20220418;120000;220.6500000
GAZP;60;20220418;130000;219.6500000
GAZP;60;20220418;140000;219.7500000
GAZP;60;20220418;150000;219.0500000
GAZP;60;20220418;160000;218.5600000
GAZP;60;20220418;170000;219.3500000
GAZP;60;20220418;180000;218.4500000
GAZP;60;20220418;190000;216.9900000
GAZP;60;20220419;110000;214.4700000
GAZP;60;20220419;120000;213.3000000
GAZP;60;20220419;130000;211.5300000
GAZP;60;20220419;140000;209.2000000
GAZP;60;20220419;150000;207.0000000
GAZP;60;20220419;160000;212.1100000
GAZP;60;20220419;170000;214.3700000
GAZP;60;20220419;180000;218.0100000
GAZP;60;20220419;190000;220.7200000
GAZP;60;20220420;110000;219.3900000
GAZP;60;20220420;120000;226.7000000
GAZP;60;20220420;130000;226.4000000
GAZP;60;20220420;140000;225.8000000
GAZP;60;20220420;150000;225.6100000
GAZP;60;20220420;160000;225.8700000
GAZP;60;20220420;170000;220.6100000
GAZP;60;20220420;180000;219.4700000
GAZP;60;20220420;190000;218.9200000
GAZP;60;20220421;110000;217.1900000
GAZP;60;20220421;120000;217.3300000
GAZP;60;20220421;130000;218.3200000
GAZP;60;20220421;140000;218.1000000
GAZP;60;20220421;150000;217.1600000
GAZP;60;20220421;160000;216.0700000
GAZP;60;20220421;170000;214.9000000
GAZP;60;20220421;180000;211.7500000
GAZP;60;20220421;190000;210.2900000
GAZP;60;20220422;110000;213.7700000
GAZP;60;20220422;120000;210.3800000
GAZP;60;20220422;130000;209.0000000
GAZP;60;20220422;140000;210.2900000
GAZP;60;20220422;150000;210.1300000
GAZP;60;20220422;160000;208.9600000
GAZP;60;20220422;170000;208.1700000
GAZP;60;20220422;180000;208.0900000
GAZP;60;20220422;190000;208.0000000
GAZP;60;20220425;110000;207.6500000
GAZP;60;20220425;120000;202.5600000
GAZP;60;20220425;130000;205.8800000
GAZP;60;20220425;140000;204.8800000
GAZP;60;20220425;150000;206.1700000
GAZP;60;20220425;160000;206.2900000
GAZP;60;20220425;170000;206.1700000
GAZP;60;20220425;180000;206.0900000
GAZP;60;20220425;190000;206.3500000
GAZP;60;20220426;110000;214.9000000
GAZP;60;20220426;120000;214.5000000
GAZP;60;20220426;130000;214.9800000
GAZP;60;20220426;140000;216.9200000
GAZP;60;20220426;150000;219.4900000
GAZP;60;20220426;160000;222.3600000
GAZP;60;20220426;170000;226.3600000
GAZP;60;20220426;180000;229.7000000
GAZP;60;20220426;190000;225.8500000
GAZP;60;20220427;110000;233.6600000
GAZP;60;20220427;120000;230.9300000
GAZP;60;20220427;130000;231.2500000
GAZP;60;20220427;140000;232.2800000
GAZP;60;20220427;150000;232.7500000
GAZP;60;20220427;160000;235.4900000
GAZP;60;20220427;170000;234.4000000
GAZP;60;20220427;180000;235.4000000
GAZP;60;20220427;190000;237.1500000
GAZP;60;20220428;110000;243.4100000
GAZP;60;20220428;120000;242.7000000
GAZP;60;20220428;130000;247.4800000
GAZP;60;20220428;140000;244.0500000
GAZP;60;20220428;150000;240.3000000
GAZP;60;20220428;160000;237.9500000
GAZP;60;20220428;170000;239.7900000
GAZP;60;20220428;180000;240.1000000
GAZP;60;20220428;190000;237.5300000
GAZP;60;20220429;110000;240.4200000
GAZP;60;20220429;120000;244.0200000
GAZP;60;20220429;130000;242.5200000
GAZP;60;20220429;140000;242.8000000
GAZP;60;20220429;150000;243.5000000
GAZP;60;20220429;160000;243.3500000
GAZP;60;20220429;170000;240.2500000
GAZP;60;20220429;180000;240.4200000
GAZP;60;20220429;190000;240.4000000
GAZP;60;20220504;110000;238.9000000
GAZP;60;20220504;120000;233.8000000
GAZP;60;20220504;130000;235.6300000
GAZP;60;20220504;140000;234.6100000
GAZP;60;20220504;150000;233.8600000
GAZP;60;20220504;160000;235.3200000
GAZP;60;20220504;170000;234.5000000
GAZP;60;20220504;180000;234.1800000
GAZP;60;20220504;190000;234.1600000
GAZP;60;20220505;110000;236.7300000
GAZP;60;20220505;120000;236.7000000
GAZP;60;20220505;130000;236.5400000
GAZP;60;20220505;140000;237.9200000
GAZP;60;20220505;150000;238.1500000
GAZP;60;20220505;160000;237.9900000
GAZP;60;20220505;170000;238.2900000
GAZP;60;20220505;180000;238.3800000
GAZP;60;20220505;190000;238.6000000
GAZP;60;20220506;110000;236.7900000
GAZP;60;20220506;120000;236.6100000
GAZP;60;20220506;130000;237.3900000
GAZP;60;20220506;140000;236.9900000
GAZP;60;20220506;150000;237.9700000
GAZP;60;20220506;160000;240.8800000
GAZP;60;20220506;170000;239.6100000
GAZP;60;20220506;180000;240.0400000
GAZP;60;20220506;190000;240.1000000
GAZP;60;20220511;110000;241.2200000
GAZP;60;20220511;120000;240.1300000
GAZP;60;20220511;130000;240.3200000
GAZP;60;20220511;140000;240.2700000
GAZP;60;20220511;150000;239.9600000
GAZP;60;20220511;160000;240.3200000
GAZP;60;20220511;170000;240.9000000
GAZP;60;20220511;180000;241.7500000
GAZP;60;20220511;190000;241.9900000
GAZP;60;20220512;110000;240.3600000
GAZP;60;20220512;120000;239.9900000
GAZP;60;20220512;130000;240.1600000
GAZP;60;20220512;140000;239.8800000
GAZP;60;20220512;150000;239.9100000
GAZP;60;20220512;160000;238.2900000
GAZP;60;20220512;170000;231.5000000
GAZP;60;20220512;180000;233.5000000
GAZP;60;20220512;190000;230.5600000
GAZP;60;20220513;110000;231.8000000
GAZP;60;20220513;120000;231.8700000
GAZP;60;20220513;130000;233.9400000
GAZP;60;20220513;140000;234.8800000
GAZP;60;20220513;150000;234.9000000
GAZP;60;20220513;160000;234.7700000
GAZP;60;20220513;170000;234.9100000
GAZP;60;20220513;180000;236.8500000
GAZP;60;20220513;190000;235.5200000
GAZP;60;20220516;110000;240.2000000
GAZP;60;20220516;120000;239.2400000
GAZP;60;20220516;130000;241.4300000
GAZP;60;20220516;140000;242.4700000
GAZP;60;20220516;150000;244.5200000
GAZP;60;20220516;160000;244.8000000
GAZP;60;20220516;170000;244.3300000
GAZP;60;20220516;180000;243.4500000
GAZP;60;20220516;190000;244.2000000
GAZP;60;20220517;110000;246.6900000
GAZP;60;20220517;120000;249.2700000
GAZP;60;20220517;130000;248.5200000
GAZP;60;20220517;140000;248.0100000
GAZP;60;20220517;150000;247.8000000
GAZP;60;20220517;160000;247.5800000
GAZP;60;20220517;170000;258.9900000
GAZP;60;20220517;180000;256.8700000
GAZP;60;20220517;190000;258.8000000
GAZP;60;20220518;110000;268.5500000
GAZP;60;20220518;120000;268.6600000
GAZP;60;20220518;130000;266.3500000
GAZP;60;20220518;140000;267.6200000
GAZP;60;20220518;150000;266.0000000
GAZP;60;20220518;160000;266.1200000
GAZP;60;20220518;170000;265.2200000
GAZP;60;20220518;180000;264.7200000
GAZP;60;20220518;190000;264.8400000
GAZP;60;20220519;110000;265.5000000
GAZP;60;20220519;120000;266.7200000
GAZP;60;20220519;130000;265.8100000
GAZP;60;20220519;140000;265.7500000
GAZP;60;20220519;150000;265.1000000
GAZP;60;20220519;160000;265.5100000
GAZP;60;20220519;170000;266.0500000
GAZP;60;20220519;180000;266.9000000
GAZP;60;20220519;190000;266.6800000
GAZP;60;20220520;110000;265.6500000
GAZP;60;20220520;120000;263.1800000
GAZP;60;20220520;130000;263.3000000
GAZP;60;20220520;140000;263.1600000
GAZP;60;20220520;150000;260.7900000
GAZP;60;20220520;160000;262.2100000
GAZP;60;20220520;170000;262.3500000
GAZP;60;20220520;180000;262.0700000
GAZP;60;20220520;190000;263.0000000
GAZP;60;20220523;110000;268.7900000
GAZP;60;20220523;120000;267.8000000
GAZP;60;20220523;130000;264.5400000
GAZP;60;20220523;140000;264.7500000
GAZP;60;20220523;150000;264.4700000
GAZP;60;20220523;160000;264.2400000
GAZP;60;20220523;170000;264.6500000
GAZP;60;20220523;180000;263.6400000
GAZP;60;20220523;190000;263.0000000
GAZP;60;20220524;110000;261.5600000
GAZP;60;20220524;120000;258.2000000
GAZP;60;20220524;130000;256.1000000
GAZP;60;20220524;140000;253.3600000
GAZP;60;20220524;150000;257.8600000
GAZP;60;20220524;160000;262.7000000
GAZP;60;20220524;170000;264.0700000
GAZP;60;20220524;180000;262.0000000
GAZP;60;20220524;190000;265.8000000
GAZP;60;20220525;110000;267.9000000
GAZP;60;20220525;120000;267.3900000
GAZP;60;20220525;130000;265.0000000
GAZP;60;20220525;140000;267.3800000
GAZP;60;20220525;150000;267.1200000
GAZP;60;20220525;160000;267.6500000
GAZP;60;20220525;170000;269.0000000
GAZP;60;20220525;180000;269.8300000
GAZP;60;20220525;190000;271.4000000
GAZP;60;20220526;110000;277.9200000
GAZP;60;20220526;120000;277.4000000
GAZP;60;20220526;130000;279.9200000
GAZP;60;20220526;140000;267.3900000
GAZP;60;20220526;150000;271.4000000
GAZP;60;20220526;160000;271.6900000
GAZP;60;20220526;170000;271.9000000
GAZP;60;20220526;180000;296.2800000
GAZP;60;20220526;190000;295.8900000
GAZP;60;20220527;110000;298.4900000
GAZP;60;20220527;120000;298.9500000
GAZP;60;20220527;130000;297.7500000
GAZP;60;20220527;140000;297.9900000
GAZP;60;20220527;150000;296.2300000
GAZP;60;20220527;160000;295.2700000
GAZP;60;20220527;170000;297.0900000
GAZP;60;20220527;180000;297.5900000
GAZP;60;20220527;190000;294.5000000
GAZP;60;20220530;110000;299.7600000
GAZP;60;20220530;120000;297.2000000
GAZP;60;20220530;130000;298.3000000
GAZP;60;20220530;140000;297.4400000
GAZP;60;20220530;150000;298.8800000
GAZP;60;20220530;160000;298.4000000
GAZP;60;20220530;170000;299.7100000
GAZP;60;20220530;180000;300.3900000
GAZP;60;20220530;190000;300.8000000
GAZP;60;20220531;110000;299.6500000
GAZP;60;20220531;120000;299.3200000
GAZP;60;20220531;130000;298.3400000
GAZP;60;20220531;140000;298.3100000
GAZP;60;20220531;150000;298.6100000
GAZP;60;20220531;160000;297.8500000
GAZP;60;20220531;170000;297.4400000
GAZP;60;20220531;180000;296.6600000
GAZP;60;20220531;190000;293.7500000
GAZP;60;20220601;110000;295.7600000
GAZP;60;20220601;120000;298.1700000
GAZP;60;20220601;130000;297.4300000
GAZP;60;20220601;140000;298.7000000
GAZP;60;20220601;150000;299.2000000
GAZP;60;20220601;160000;298.8000000
GAZP;60;20220601;170000;298.4800000
GAZP;60;20220601;180000;297.7800000
GAZP;60;20220601;190000;297.6900000
GAZP;60;20220602;110000;296.8300000
GAZP;60;20220602;120000;295.6500000
GAZP;60;20220602;130000;295.4700000
GAZP;60;20220602;140000;296.0600000
GAZP;60;20220602;150000;296.0000000
GAZP;60;20220602;160000;297.1500000
GAZP;60;20220602;170000;296.8000000
GAZP;60;20220602;180000;295.8200000
GAZP;60;20220602;190000;296.0000000
GAZP;60;20220603;110000;295.2000000
GAZP;60;20220603;120000;293.6000000
GAZP;60;20220603;130000;294.5900000
GAZP;60;20220603;140000;293.8500000
GAZP;60;20220603;150000;293.5200000
GAZP;60;20220603;160000;294.9500000
GAZP;60;20220603;170000;294.7800000
GAZP;60;20220603;180000;295.1900000
GAZP;60;20220603;190000;297.0000000
GAZP;60;20220606;110000;297.2000000
GAZP;60;20220606;120000;296.6700000
GAZP;60;20220606;130000;295.6300000
GAZP;60;20220606;140000;296.5000000
GAZP;60;20220606;150000;296.6900000
GAZP;60;20220606;160000;296.6100000
GAZP;60;20220606;170000;296.8600000
GAZP;60;20220606;180000;296.6500000
GAZP;60;20220606;190000;296.5000000
GAZP;60;20220607;110000;295.3000000
GAZP;60;20220607;120000;295.5200000
GAZP;60;20220607;130000;295.8200000
GAZP;60;20220607;140000;295.4300000
GAZP;60;20220607;150000;296.7300000
GAZP;60;20220607;160000;297.0500000
GAZP;60;20220607;170000;297.4800000
GAZP;60;20220607;180000;298.4000000
GAZP;60;20220607;190000;297.9900000
GAZP;60;20220608;110000;303.2800000
GAZP;60;20220608;120000;307.6500000
GAZP;60;20220608;130000;308.3300000
GAZP;60;20220608;140000;307.9000000
GAZP;60;20220608;150000;306.8500000
GAZP;60;20220608;160000;306.2300000
GAZP;60;20220608;170000;307.7000000
GAZP;60;20220608;180000;308.1400000
GAZP;60;20220608;190000;308.0000000
GAZP;60;20220609;110000;306.6500000
GAZP;60;20220609;120000;306.0100000
GAZP;60;20220609;130000;305.2900000
GAZP;60;20220609;140000;305.0600000
GAZP;60;20220609;150000;305.0200000
GAZP;60;20220609;160000;306.7900000
GAZP;60;20220609;170000;307.6000000
GAZP;60;20220609;180000;307.0300000
GAZP;60;20220609;190000;306.5000000
GAZP;60;20220610;110000;307.8500000
GAZP;60;20220610;120000;307.8000000
GAZP;60;20220610;130000;307.7900000
GAZP;60;20220610;140000;309.6000000
GAZP;60;20220610;150000;309.1800000
GAZP;60;20220610;160000;308.5700000
GAZP;60;20220610;170000;309.4000000
GAZP;60;20220610;180000;309.1200000
GAZP;60;20220610;190000;309.2000000
GAZP;60;20220614;110000;315.7000000
GAZP;60;20220614;120000;318.8900000
GAZP;60;20220614;130000;320.8000000
GAZP;60;20220614;140000;319.2000000
GAZP;60;20220614;150000;319.5800000
GAZP;60;20220614;160000;319.9900000
GAZP;60;20220614;170000;319.6800000
GAZP;60;20220614;180000;318.0000000
GAZP;60;20220614;190000;317.6900000
GAZP;60;20220615;110000;317.5100000
GAZP;60;20220615;120000;317.2900000
GAZP;60;20220615;130000;318.7000000
GAZP;60;20220615;140000;317.8700000
GAZP;60;20220615;150000;318.5000000
GAZP;60;20220615;160000;317.9600000
GAZP;60;20220615;170000;316.7500000
GAZP;60;20220615;180000;316.2600000
GAZP;60;20220615;190000;316.2000000
GAZP;60;20220616;110000;316.4400000
GAZP;60;20220616;120000;316.3900000
GAZP;60;20220616;130000;315.5300000
GAZP;60;20220616;140000;315.7500000
GAZP;60;20220616;150000;316.5000000
GAZP;60;20220616;160000;317.5000000
GAZP;60;20220616;170000;316.6300000
GAZP;60;20220616;180000;315.6700000
GAZP;60;20220616;190000;316.9900000
GAZP;60;20220617;110000;315.0500000
GAZP;60;20220617;120000;315.1700000
GAZP;60;20220617;130000;314.8800000
GAZP;60;20220617;140000;315.2500000
GAZP;60;20220617;150000;314.6700000
GAZP;60;20220617;160000;315.5100000
GAZP;60;20220617;170000;315.6400000
GAZP;60;20220617;180000;315.0100000
GAZP;60;20220617;190000;315.5000000
GAZP;60;20220620;110000;315.7100000
GAZP;60;20220620;120000;315.2000000
GAZP;60;20220620;130000;315.0000000
GAZP;60;20220620;140000;314.9900000
GAZP;60;20220620;150000;314.8200000
GAZP;60;20220620;160000;314.0500000
GAZP;60;20220620;170000;313.7000000
GAZP;60;20220620;180000;311.4400000
GAZP;60;20220620;190000;311.9800000
GAZP;60;20220621;110000;307.2800000
GAZP;60;20220621;120000;309.1900000
GAZP;60;20220621;130000;304.5900000
GAZP;60;20220621;140000;304.0600000
GAZP;60;20220621;150000;303.2100000
GAZP;60;20220621;160000;302.8200000
GAZP;60;20220621;170000;302.5500000
GAZP;60;20220621;180000;303.2300000
GAZP;60;20220621;190000;301.5800000
GAZP;60;20220622;110000;299.7000000
GAZP;60;20220622;120000;297.4700000
GAZP;60;20220622;130000;295.9800000
GAZP;60;20220622;140000;295.8800000
GAZP;60;20220622;150000;299.0800000
GAZP;60;20220622;160000;297.6000000
GAZP;60;20220622;170000;296.5800000
GAZP;60;20220622;180000;295.1000000
GAZP;60;20220622;190000;295.8000000
GAZP;60;20220623;110000;294.7500000
GAZP;60;20220623;120000;294.6400000
GAZP;60;20220623;130000;293.8800000
GAZP;60;20220623;140000;293.1000000
GAZP;60;20220623;150000;292.6800000
GAZP;60;20220623;160000;292.4000000
GAZP;60;20220623;170000;293.0000000
GAZP;60;20220623;180000;301.0200000
GAZP;60;20220623;190000;303.5000000
GAZP;60;20220624;110000;299.4800000
GAZP;60;20220624;120000;302.2100000
GAZP;60;20220624;130000;300.5700000
GAZP;60;20220624;140000;299.1400000
GAZP;60;20220624;150000;296.8200000
GAZP;60;20220624;160000;296.6200000
GAZP;60;20220624;170000;298.7000000
GAZP;60;20220624;180000;297.3800000
GAZP;60;20220624;190000;296.0000000
GAZP;60;20220627;110000;298.5000000
GAZP;60;20220627;120000;296.5400000
GAZP;60;20220627;130000;297.5000000
GAZP;60;20220627;140000;297.0500000
GAZP;60;20220627;150000;297.2900000
GAZP;60;20220627;160000;297.0900000
GAZP;60;20220627;170000;296.4000000
GAZP;60;20220627;180000;296.7900000
GAZP;60;20220627;190000;296.2000000
GAZP;60;20220628;110000;293.7200000
GAZP;60;20220628;120000;294.8900000
GAZP;60;20220628;130000;294.2800000
GAZP;60;20220628;140000;295.4700000
GAZP;60;20220628;150000;295.6800000
GAZP;60;20220628;160000;299.5500000
GAZP;60;20220628;170000;301.8200000
GAZP;60;20220628;180000;299.0000000
GAZP;60;20220628;190000;297.2000000
GAZP;60;20220629;110000;297.2900000
GAZP;60;20220629;120000;299.8200000
GAZP;60;20220629;130000;297.4800000
GAZP;60;20220629;140000;296.7800000
GAZP;60;20220629;150000;296.6800000
GAZP;60;20220629;160000;296.3400000
GAZP;60;20220629;170000;296.5900000
GAZP;60;20220629;180000;297.9500000
GAZP;60;20220629;190000;297.6500000
GAZP;60;20220630;110000;235.0000000
GAZP;60;20220630;120000;214.1000000
GAZP;60;20220630;130000;222.6400000
GAZP;60;20220630;140000;223.4000000
GAZP;60;20220630;150000;218.8200000
GAZP;60;20220630;160000;213.9400000
GAZP;60;20220630;170000;209.9800000
GAZP;60;20220630;180000;209.0900000
GAZP;60;20220630;190000;207.0000000
GAZP;60;20220701;110000;195.8700000
GAZP;60;20220701;120000;194.4000000
GAZP;60;20220701;130000;194.2000000
GAZP;60;20220701;140000;197.5000000
GAZP;60;20220701;150000;195.1300000
GAZP;60;20220701;160000;196.3000000
GAZP;60;20220701;170000;194.8500000
GAZP;60;20220701;180000;194.7400000
GAZP;60;20220701;190000;192.5000000
GAZP;60;20220704;110000;190.4200000
GAZP;60;20220704;120000;181.6800000
GAZP;60;20220704;130000;184.2300000
GAZP;60;20220704;140000;188.0000000
GAZP;60;20220704;150000;188.6000000
GAZP;60;20220704;160000;187.6100000
GAZP;60;20220704;170000;187.8000000
GAZP;60;20220704;180000;185.4400000
GAZP;60;20220704;190000;186.2500000
GAZP;60;20220705;110000;187.7900000
GAZP;60;20220705;120000;186.5800000
GAZP;60;20220705;130000;187.2800000
GAZP;60;20220705;140000;191.9900000
GAZP;60;20220705;150000;192.7700000
GAZP;60;20220705;160000;197.0500000
GAZP;60;20220705;170000;197.7800000
GAZP;60;20220705;180000;197.0000000
GAZP;60;20220705;190000;197.3000000
GAZP;60;20220706;110000;201.9500000
GAZP;60;20220706;120000;204.3400000
GAZP;60;20220706;130000;201.5000000
GAZP;60;20220706;140000;203.0600000
GAZP;60;20220706;150000;201.8000000
GAZP;60;20220706;160000;201.7700000
GAZP;60;20220706;170000;196.6900000
GAZP;60;20220706;180000;196.3500000
GAZP;60;20220706;190000;195.4200000
GAZP;60;20220707;110000;192.8000000
GAZP;60;20220707;120000;193.5400000
GAZP;60;20220707;130000;194.0200000
GAZP;60;20220707;140000;197.2200000
GAZP;60;20220707;150000;197.2800000
GAZP;60;20220707;160000;199.3600000
GAZP;60;20220707;170000;197.2000000
GAZP;60;20220707;180000;197.2800000
GAZP;60;20220707;190000;197.9200000
GAZP;60;20220708;110000;198.4000000
GAZP;60;20220708;120000;197.1300000
GAZP;60;20220708;130000;198.0400000
GAZP;60;20220708;140000;198.2700000
GAZP;60;20220708;150000;198.3500000
GAZP;60;20220708;160000;197.7300000
GAZP;60;20220708;170000;197.8700000
GAZP;60;20220708;180000;197.6500000
GAZP;60;20220708;190000;198.0000000
GAZP;60;20220711;110000;194.8700000
GAZP;60;20220711;120000;195.0900000
GAZP;60;20220711;130000;192.3600000
GAZP;60;20220711;140000;191.0200000
GAZP;60;20220711;150000;190.9100000
GAZP;60;20220711;160000;191.1700000
GAZP;60;20220711;170000;190.3100000
GAZP;60;20220711;180000;190.2500000
GAZP;60;20220711;190000;188.9000000
GAZP;60;20220712;110000;185.3300000
GAZP;60;20220712;120000;186.6400000
GAZP;60;20220712;130000;186.0700000
GAZP;60;20220712;140000;187.1200000
GAZP;60;20220712;150000;187.3900000
GAZP;60;20220712;160000;188.1400000
GAZP;60;20220712;170000;189.8000000
GAZP;60;20220712;180000;192.8000000
GAZP;60;20220712;190000;191.4000000
GAZP;60;20220713;110000;190.6200000
GAZP;60;20220713;120000;189.0000000
GAZP;60;20220713;130000;186.6900000
GAZP;60;20220713;140000;186.9600000
GAZP;60;20220713;150000;187.5600000
GAZP;60;20220713;160000;186.1400000
GAZP;60;20220713;170000;186.5300000
GAZP;60;20220713;180000;187.1500000
GAZP;60;20220713;190000;186.0000000
GAZP;60;20220714;110000;185.7800000
GAZP;60;20220714;120000;186.7600000
GAZP;60;20220714;130000;185.6900000
GAZP;60;20220714;140000;185.2600000
GAZP;60;20220714;150000;185.3500000
GAZP;60;20220714;160000;185.2000000
GAZP;60;20220714;170000;185.8000000
GAZP;60;20220714;180000;185.5100000
GAZP;60;20220714;190000;184.5500000
GAZP;60;20220715;110000;185.1200000
GAZP;60;20220715;120000;184.9900000
GAZP;60;20220715;130000;185.2900000
GAZP;60;20220715;140000;188.0000000
GAZP;60;20220715;150000;186.4500000
GAZP;60;20220715;160000;186.9500000
GAZP;60;20220715;170000;186.8300000
GAZP;60;20220715;180000;187.5000000
GAZP;60;20220715;190000;187.6100000
GAZP;60;20220718;110000;188.0000000
GAZP;60;20220718;120000;187.7600000
GAZP;60;20220718;130000;186.6000000
GAZP;60;20220718;140000;186.8000000
GAZP;60;20220718;150000;187.1000000
GAZP;60;20220718;160000;187.1000000
GAZP;60;20220718;170000;187.2400000
GAZP;60;20220718;180000;187.0000000
GAZP;60;20220718;190000;186.7000000
GAZP;60;20220719;110000;186.2800000
GAZP;60;20220719;120000;185.0700000
GAZP;60;20220719;130000;185.5400000
GAZP;60;20220719;140000;185.1300000
GAZP;60;20220719;150000;185.3500000
GAZP;60;20220719;160000;185.0400000
GAZP;60;20220719;170000;185.0600000
GAZP;60;20220719;180000;186.9800000
GAZP;60;20220719;190000;189.5100000
GAZP;60;20220720;110000;193.9000000
GAZP;60;20220720;120000;194.2200000
GAZP;60;20220720;130000;193.9100000
GAZP;60;20220720;140000;193.9200000
GAZP;60;20220720;150000;194.3500000
GAZP;60;20220720;160000;193.7500000
GAZP;60;20220720;170000;194.2300000
GAZP;60;20220720;180000;192.9600000
GAZP;60;20220720;190000;193.3000000
GAZP;60;20220721;110000;189.3400000
GAZP;60;20220721;120000;190.3600000
GAZP;60;20220721;130000;192.4500000
GAZP;60;20220721;140000;191.8200000
GAZP;60;20220721;150000;190.7500000
GAZP;60;20220721;160000;190.7200000
GAZP;60;20220721;170000;189.6500000
GAZP;60;20220721;180000;189.5600000
GAZP;60;20220721;190000;189.5900000
GAZP;60;20220722;110000;190.7700000
GAZP;60;20220722;120000;191.3700000
GAZP;60;20220722;130000;190.9700000
GAZP;60;20220722;140000;192.1700000
GAZP;60;20220722;150000;192.6000000
GAZP;60;20220722;160000;192.1000000
GAZP;60;20220722;170000;192.1300000
GAZP;60;20220722;180000;191.9000000
GAZP;60;20220722;190000;192.2500000
GAZP;60;20220725;110000;193.9100000
GAZP;60;20220725;120000;193.7600000
GAZP;60;20220725;130000;193.4100000
GAZP;60;20220725;140000;193.6000000
GAZP;60;20220725;150000;194.0600000
GAZP;60;20220725;160000;194.1800000
GAZP;60;20220725;170000;193.2500000
GAZP;60;20220725;180000;192.5500000
GAZP;60;20220725;190000;192.0000000
GAZP;60;20220726;110000;192.7900000
GAZP;60;20220726;120000;192.7700000
GAZP;60;20220726;130000;193.1600000
GAZP;60;20220726;140000;193.2000000
GAZP;60;20220726;150000;194.3500000
GAZP;60;20220726;160000;192.7500000
GAZP;60;20220726;170000;193.0000000
GAZP;60;20220726;180000;193.2200000
GAZP;60;20220726;190000;193.9500000
GAZP;60;20220727;110000;196.2400000
GAZP;60;20220727;120000;196.1400000
GAZP;60;20220727;130000;196.3000000
GAZP;60;20220727;140000;196.6500000
GAZP;60;20220727;150000;195.8800000
GAZP;60;20220727;160000;195.2800000
GAZP;60;20220727;170000;195.7000000
GAZP;60;20220727;180000;196.2700000
GAZP;60;20220727;190000;196.4900000
GAZP;60;20220728;110000;197.8000000
GAZP;60;20220728;120000;195.7100000
GAZP;60;20220728;130000;196.2100000
GAZP;60;20220728;140000;196.4000000
GAZP;60;20220728;150000;197.0600000
GAZP;60;20220728;160000;195.8100000
GAZP;60;20220728;170000;195.9900000
GAZP;60;20220728;180000;196.3500000
GAZP;60;20220728;190000;196.2500000
GAZP;60;20220729;110000;196.0900000
GAZP;60;20220729;120000;196.2800000
GAZP;60;20220729;130000;196.2300000
GAZP;60;20220729;140000;195.3300000
GAZP;60;20220729;150000;193.8500000
GAZP;60;20220729;160000;194.6500000
GAZP;60;20220729;170000;194.7100000
GAZP;60;20220729;180000;195.3900000
GAZP;60;20220729;190000;195.2600000
GAZP;60;20220801;110000;193.0200000
GAZP;60;20220801;120000;193.0500000
GAZP;60;20220801;130000;193.3000000
GAZP;60;20220801;140000;192.7500000
GAZP;60;20220801;150000;193.1000000
GAZP;60;20220801;160000;193.2300000
GAZP;60;20220801;170000;193.0000000
GAZP;60;20220801;180000;192.9600000
GAZP;60;20220801;190000;192.0000000
GAZP;60;20220802;110000;189.5900000
GAZP;60;20220802;120000;189.0600000
GAZP;60;20220802;130000;188.4900000
GAZP;60;20220802;140000;188.4300000
GAZP;60;20220802;150000;188.2800000
GAZP;60;20220802;160000;187.7800000
GAZP;60;20220802;170000;187.4000000
GAZP;60;20220802;180000;187.4800000
GAZP;60;20220802;190000;187.1600000
GAZP;60;20220803;110000;188.0600000
GAZP;60;20220803;120000;188.2800000
GAZP;60;20220803;130000;188.0600000
GAZP;60;20220803;140000;187.9700000
GAZP;60;20220803;150000;188.0900000
GAZP;60;20220803;160000;187.7500000
GAZP;60;20220803;170000;187.4000000
GAZP;60;20220803;180000;187.3900000
GAZP;60;20220803;190000;187.0400000
GAZP;60;20220804;110000;185.8800000
GAZP;60;20220804;120000;185.8200000
GAZP;60;20220804;130000;185.1300000
GAZP;60;20220804;140000;185.2000000
GAZP;60;20220804;150000;185.1900000
GAZP;60;20220804;160000;184.9000000
GAZP;60;20220804;170000;185.3100000
GAZP;60;20220804;180000;185.1200000
GAZP;60;20220804;190000;184.9000000
GAZP;60;20220805;110000;180.3300000
GAZP;60;20220805;120000;177.8300000
GAZP;60;20220805;130000;177.6600000
GAZP;60;20220805;140000;178.9800000
GAZP;60;20220805;150000;178.1800000
GAZP;60;20220805;160000;176.2800000
GAZP;60;20220805;170000;178.4100000
GAZP;60;20220805;180000;177.2800000
GAZP;60;20220805;190000;176.5800000
GAZP;60;20220808;110000;180.4600000
GAZP;60;20220808;120000;180.1300000
GAZP;60;20220808;130000;179.3800000
GAZP;60;20220808;140000;178.2600000
GAZP;60;20220808;150000;178.9700000
GAZP;60;20220808;160000;178.7000000
GAZP;60;20220808;170000;178.3500000
GAZP;60;20220808;180000;177.7400000
GAZP;60;20220808;190000;177.8600000
GAZP;60;20220809;110000;176.8000000
GAZP;60;20220809;120000;176.3000000
GAZP;60;20220809;130000;176.3900000
GAZP;60;20220809;140000;176.9500000
GAZP;60;20220809;150000;177.3400000
GAZP;60;20220809;160000;177.9000000
GAZP;60;20220809;170000;177.4700000
GAZP;60;20220809;180000;178.2500000
GAZP;60;20220809;190000;181.0400000
GAZP;60;20220810;110000;179.8000000
GAZP;60;20220810;120000;180.3900000
GAZP;60;20220810;130000;181.6300000
GAZP;60;20220810;140000;180.5000000
GAZP;60;20220810;150000;180.6000000
GAZP;60;20220810;160000;180.6800000
GAZP;60;20220810;170000;179.0600000
GAZP;60;20220810;180000;179.3600000
GAZP;60;20220810;190000;178.8100000
GAZP;60;20220811;110000;179.2000000
GAZP;60;20220811;120000;179.1300000
GAZP;60;20220811;130000;177.5000000
GAZP;60;20220811;140000;177.7100000
GAZP;60;20220811;150000;177.2800000
GAZP;60;20220811;160000;177.1100000
GAZP;60;20220811;170000;176.3500000
GAZP;60;20220811;180000;174.8800000
GAZP;60;20220811;190000;174.1000000
GAZP;60;20220812;110000;174.8200000
GAZP;60;20220812;120000;173.5700000
GAZP;60;20220812;130000;173.7100000
GAZP;60;20220812;140000;173.6800000
GAZP;60;20220812;150000;173.6500000
GAZP;60;20220812;160000;173.9000000
GAZP;60;20220812;170000;174.5500000
GAZP;60;20220812;180000;174.9100000
GAZP;60;20220812;190000;174.3600000
GAZP;60;20220815;110000;173.9500000
GAZP;60;20220815;120000;173.3300000
GAZP;60;20220815;130000;173.2500000
GAZP;60;20220815;140000;173.2000000
GAZP;60;20220815;150000;172.7500000
GAZP;60;20220815;160000;173.2200000
GAZP;60;20220815;170000;173.8000000
GAZP;60;20220815;180000;174.6300000
GAZP;60;20220815;190000;174.8000000
GAZP;60;20220816;110000;178.6200000
GAZP;60;20220816;120000;178.4700000
GAZP;60;20220816;130000;178.7900000
GAZP;60;20220816;140000;180.3600000
GAZP;60;20220816;150000;179.8700000
GAZP;60;20220816;160000;181.4900000
GAZP;60;20220816;170000;181.0700000
GAZP;60;20220816;180000;180.9500000
GAZP;60;20220816;190000;181.3000000
GAZP;60;20220817;110000;179.5200000
GAZP;60;20220817;120000;178.0200000
GAZP;60;20220817;130000;178.5100000
GAZP;60;20220817;140000;178.5600000
GAZP;60;20220817;150000;177.6900000
GAZP;60;20220817;160000;177.0600000
GAZP;60;20220817;170000;177.2000000
GAZP;60;20220817;180000;177.1000000
GAZP;60;20220817;190000;176.5000000
GAZP;60;20220818;110000;177.2700000
GAZP;60;20220818;120000;176.9300000
GAZP;60;20220818;130000;177.1000000
GAZP;60;20220818;140000;176.6300000
GAZP;60;20220818;150000;176.9200000
GAZP;60;20220818;160000;177.2400000
GAZP;60;20220818;170000;177.9000000
GAZP;60;20220818;180000;178.8300000
GAZP;60;20220818;190000;178.8700000
GAZP;60;20220819;110000;177.5400000
GAZP;60;20220819;120000;177.4800000
GAZP;60;20220819;130000;177.7800000
GAZP;60;20220819;140000;177.6000000
GAZP;60;20220819;150000;177.0500000
GAZP;60;20220819;160000;177.2000000
GAZP;60;20220819;170000;177.0300000
GAZP;60;20220819;180000;177.3000000
GAZP;60;20220819;190000;177.6000000
GAZP;60;20220822;110000;178.8800000
GAZP;60;20220822;120000;179.4400000
GAZP;60;20220822;130000;179.5000000
GAZP;60;20220822;140000;179.8800000
GAZP;60;20220822;150000;180.7700000
GAZP;60;20220822;160000;181.1700000
GAZP;60;20220822;170000;180.8700000
GAZP;60;20220822;180000;180.8200000
GAZP;60;20220822;190000;181.7000000
GAZP;60;20220823;110000;184.9000000
GAZP;60;20220823;120000;184.4800000
GAZP;60;20220823;130000;184.9400000
GAZP;60;20220823;140000;183.9800000
GAZP;60;20220823;150000;184.6300000
GAZP;60;20220823;160000;184.3500000
GAZP;60;20220823;170000;184.6200000
GAZP;60;20220823;180000;184.3300000
GAZP;60;20220823;190000;184.3000000
GAZP;60;20220824;110000;184.6700000
GAZP;60;20220824;120000;184.4400000
GAZP;60;20220824;130000;183.6100000
GAZP;60;20220824;140000;183.5800000
GAZP;60;20220824;150000;183.3000000
GAZP;60;20220824;160000;183.2400000
GAZP;60;20220824;170000;182.9400000
GAZP;60;20220824;180000;182.5400000
GAZP;60;20220824;190000;182.8300000
GAZP;60;20220825;110000;184.2400000
GAZP;60;20220825;120000;184.1100000
GAZP;60;20220825;130000;183.4400000
GAZP;60;20220825;140000;183.4400000
GAZP;60;20220825;150000;181.1300000
GAZP;60;20220825;160000;181.9700000
GAZP;60;20220825;170000;181.8100000
GAZP;60;20220825;180000;182.2000000
GAZP;60;20220825;190000;181.9000000
GAZP;60;20220826;110000;180.5400000
GAZP;60;20220826;120000;181.2800000
GAZP;60;20220826;130000;181.1500000
GAZP;60;20220826;140000;180.9900000
GAZP;60;20220826;150000;181.9400000
GAZP;60;20220826;160000;183.0900000
GAZP;60;20220826;170000;183.4500000
GAZP;60;20220826;180000;183.1400000
GAZP;60;20220826;190000;183.6200000
GAZP;60;20220829;110000;185.6000000
GAZP;60;20220829;120000;184.9800000
GAZP;60;20220829;130000;184.8000000
GAZP;60;20220829;140000;184.9300000
GAZP;60;20220829;150000;185.3600000
GAZP;60;20220829;160000;185.2900000
GAZP;60;20220829;170000;185.5300000
GAZP;60;20220829;180000;187.1000000
GAZP;60;20220829;190000;190.0000000
GAZP;60;20220830;110000;194.0600000
GAZP;60;20220830;120000;193.4100000
GAZP;60;20220830;130000;193.0100000
GAZP;60;20220830;140000;193.1800000
GAZP;60;20220830;150000;195.1600000
GAZP;60;20220830;160000;196.5000000
GAZP;60;20220830;170000;199.1000000
GAZP;60;20220830;180000;199.1100000
GAZP;60;20220830;190000;204.0000000
GAZP;60;20220831;110000;257.5800000
GAZP;60;20220831;120000;249.5500000
GAZP;60;20220831;130000;248.7000000
GAZP;60;20220831;140000;252.7300000
GAZP;60;20220831;150000;256.1700000
GAZP;60;20220831;160000;255.0400000
GAZP;60;20220831;170000;254.7600000
GAZP;60;20220831;180000;255.8000000
GAZP;60;20220831;190000;254.9000000
GAZP;60;20220901;110000;250.8000000
GAZP;60;20220901;120000;250.9500000
GAZP;60;20220901;130000;250.2400000
GAZP;60;20220901;140000;248.7700000
GAZP;60;20220901;150000;249.5300000
GAZP;60;20220901;160000;248.5900000
GAZP;60;20220901;170000;248.0800000
GAZP;60;20220901;180000;248.5000000
GAZP;60;20220901;190000;249.1100000
GAZP;60;20220902;110000;249.9700000
GAZP;60;20220902;120000;250.4700000
GAZP;60;20220902;130000;250.2100000
GAZP;60;20220902;140000;251.3900000
GAZP;60;20220902;150000;253.8000000
GAZP;60;20220902;160000;251.6000000
GAZP;60;20220902;170000;252.8900000
GAZP;60;20220902;180000;252.8900000
GAZP;60;20220902;190000;252.8000000
GAZP;60;20220905;110000;250.6200000
GAZP;60;20220905;120000;250.5900000
GAZP;60;20220905;130000;250.3000000
GAZP;60;20220905;140000;250.3300000
GAZP;60;20220905;150000;251.1800000
GAZP;60;20220905;160000;250.8300000
GAZP;60;20220905;170000;250.7500000
GAZP;60;20220905;180000;250.3000000
GAZP;60;20220905;190000;250.0000000
GAZP;60;20220906;110000;249.3500000
GAZP;60;20220906;120000;249.8100000
GAZP;60;20220906;130000;249.4600000
GAZP;60;20220906;140000;249.3300000
GAZP;60;20220906;150000;245.7000000
GAZP;60;20220906;160000;244.6000000
GAZP;60;20220906;170000;246.6000000
GAZP;60;20220906;180000;246.6900000
GAZP;60;20220906;190000;246.0000000
GAZP;60;20220907;110000;245.2700000
GAZP;60;20220907;120000;244.4600000
GAZP;60;20220907;130000;243.9800000
GAZP;60;20220907;140000;244.7200000
GAZP;60;20220907;150000;244.5000000
GAZP;60;20220907;160000;244.3200000
GAZP;60;20220907;170000;243.0000000
GAZP;60;20220907;180000;242.3100000
GAZP;60;20220907;190000;241.5500000
GAZP;60;20220908;110000;238.8000000
GAZP;60;20220908;120000;239.4200000
GAZP;60;20220908;130000;240.4800000
GAZP;60;20220908;140000;240.3800000
GAZP;60;20220908;150000;240.4200000
GAZP;60;20220908;160000;239.2900000
GAZP;60;20220908;170000;240.1600000
GAZP;60;20220908;180000;240.0500000
GAZP;60;20220908;190000;243.9500000
GAZP;60;20220909;110000;243.2200000
GAZP;60;20220909;120000;243.6800000
GAZP;60;20220909;130000;243.2400000
GAZP;60;20220909;140000;243.6700000
GAZP;60;20220909;150000;243.5500000
GAZP;60;20220909;160000;244.1100000
GAZP;60;20220909;170000;245.5000000
GAZP;60;20220909;180000;246.2000000
GAZP;60;20220909;190000;245.3400000
GAZP;60;20220912;110000;245.7600000
GAZP;60;20220912;120000;245.4800000
GAZP;60;20220912;130000;245.0600000
GAZP;60;20220912;140000;244.2000000
GAZP;60;20220912;150000;244.2100000
GAZP;60;20220912;160000;244.4100000
GAZP;60;20220912;170000;242.9300000
GAZP;60;20220912;180000;243.5000000
GAZP;60;20220912;190000;242.9800000
GAZP;60;20220912;200000;243.1300000
GAZP;60;20220912;210000;242.8600000
GAZP;60;20220912;220000;243.1800000
GAZP;60;20220912;230000;243.2300000
GAZP;60;20220913;000000;243.3000000
GAZP;60;20220913;110000;243.3000000
GAZP;60;20220913;120000;243.0000000
GAZP;60;20220913;130000;244.8000000
GAZP;60;20220913;140000;244.4400000
GAZP;60;20220913;150000;244.8100000
GAZP;60;20220913;160000;242.3000000
GAZP;60;20220913;170000;242.8800000
GAZP;60;20220913;180000;242.9000000
GAZP;60;20220913;190000;243.0000000
GAZP;60;20220913;200000;242.8700000
GAZP;60;20220913;210000;242.7300000
GAZP;60;20220913;220000;242.4100000
GAZP;60;20220913;230000;242.7800000
GAZP;60;20220914;000000;242.6400000
GAZP;60;20220914;110000;240.7600000
GAZP;60;20220914;120000;241.6500000
GAZP;60;20220914;130000;240.7000000
GAZP;60;20220914;140000;240.6900000
GAZP;60;20220914;150000;240.5100000
GAZP;60;20220914;160000;241.4000000
GAZP;60;20220914;170000;241.9600000
GAZP;60;20220914;180000;242.1700000
GAZP;60;20220914;190000;243.3900000
GAZP;60;20220914;200000;242.8000000
GAZP;60;20220914;210000;242.6500000
GAZP;60;20220914;220000;243.0200000
GAZP;60;20220914;230000;243.1500000
GAZP;60;20220915;000000;243.3200000
GAZP;60;20220915;110000;242.8000000
GAZP;60;20220915;120000;242.7100000
GAZP;60;20220915;130000;242.6500000
GAZP;60;20220915;140000;242.4300000
GAZP;60;20220915;150000;242.5600000
GAZP;60;20220915;160000;243.9000000
GAZP;60;20220915;170000;243.0500000
GAZP;60;20220915;180000;243.5900000
GAZP;60;20220915;190000;243.9000000
GAZP;60;20220915;200000;243.6800000
GAZP;60;20220915;210000;243.9000000
GAZP;60;20220915;220000;244.1500000
GAZP;60;20220915;230000;243.6700000
GAZP;60;20220916;000000;243.6800000
GAZP;60;20220916;110000;243.3000000
GAZP;60;20220916;120000;246.4000000
GAZP;60;20220916;130000;247.4500000
GAZP;60;20220916;140000;244.6500000
GAZP;60;20220916;150000;242.8700000
GAZP;60;20220916;160000;242.6100000
GAZP;60;20220916;170000;242.5600000
GAZP;60;20220916;180000;242.8500000
GAZP;60;20220916;190000;243.5500000
GAZP;60;20220916;200000;243.1500000
GAZP;60;20220916;210000;243.2800000
GAZP;60;20220916;220000;243.2500000
GAZP;60;20220916;230000;243.2200000
GAZP;60;20220917;000000;243.8000000
GAZP;60;20220919;110000;244.7600000
GAZP;60;20220919;120000;244.8000000
GAZP;60;20220919;130000;243.5900000
GAZP;60;20220919;140000;243.9100000
GAZP;60;20220919;150000;244.5000000
GAZP;60;20220919;160000;244.0000000
GAZP;60;20220919;170000;244.1400000
GAZP;60;20220919;180000;243.7600000
GAZP;60;20220919;190000;243.4300000
GAZP;60;20220919;200000;243.6500000
GAZP;60;20220919;210000;243.8000000
GAZP;60;20220919;220000;244.5900000
GAZP;60;20220919;230000;244.2700000
GAZP;60;20220920;000000;244.2100000
GAZP;60;20220920;110000;239.1800000
GAZP;60;20220920;120000;240.8500000
GAZP;60;20220920;130000;237.4000000
GAZP;60;20220920;140000;233.9000000
GAZP;60;20220920;150000;224.2600000
GAZP;60;20220920;160000;230.4900000
GAZP;60;20220920;170000;228.3000000
GAZP;60;20220920;180000;223.8000000
GAZP;60;20220920;190000;218.2100000
GAZP;60;20220920;200000;216.0300000
GAZP;60;20220920;210000;219.7700000
GAZP;60;20220920;220000;225.9300000
GAZP;60;20220920;230000;223.0100000
GAZP;60;20220921;000000;221.1500000
GAZP;60;20220921;110000;210.2100000
GAZP;60;20220921;120000;215.0600000
GAZP;60;20220921;130000;215.8500000
GAZP;60;20220921;140000;212.3900000
GAZP;60;20220921;150000;213.9200000
GAZP;60;20220921;160000;214.0800000
GAZP;60;20220921;170000;217.0300000
GAZP;60;20220921;180000;214.9400000
GAZP;60;20220921;190000;213.5000000
GAZP;60;20220921;200000;215.4500000
GAZP;60;20220921;210000;215.6200000
GAZP;60;20220921;220000;215.4000000
GAZP;60;20220921;230000;214.8400000
GAZP;60;20220922;000000;214.0700000
GAZP;60;20220922;110000;222.7800000
GAZP;60;20220922;120000;225.5100000
GAZP;60;20220922;130000;222.8700000
GAZP;60;20220922;140000;223.7600000
GAZP;60;20220922;150000;228.5200000
GAZP;60;20220922;160000;235.2300000
GAZP;60;20220922;170000;235.0200000
GAZP;60;20220922;180000;234.3200000
GAZP;60;20220922;190000;232.9000000
GAZP;60;20220922;200000;233.8600000
GAZP;60;20220922;210000;233.3200000
GAZP;60;20220922;220000;232.7900000
GAZP;60;20220922;230000;232.6100000
GAZP;60;20220923;000000;231.4500000
GAZP;60;20220923;110000;228.8700000
GAZP;60;20220923;120000;226.1500000
GAZP;60;20220923;130000;226.3200000
GAZP;60;20220923;140000;225.4100000
GAZP;60;20220923;150000;225.8600000
GAZP;60;20220923;160000;225.3800000
GAZP;60;20220923;170000;223.3000000
GAZP;60;20220923;180000;224.4800000
GAZP;60;20220923;190000;224.2500000
GAZP;60;20220923;200000;222.8500000
GAZP;60;20220923;210000;223.2900000
GAZP;60;20220923;220000;224.3500000
GAZP;60;20220923;230000;225.1800000
GAZP;60;20220924;000000;224.8400000
GAZP;60;20220926;110000;216.3400000
GAZP;60;20220926;120000;210.3500000
GAZP;60;20220926;130000;208.3200000
GAZP;60;20220926;140000;211.9900000
GAZP;60;20220926;150000;211.5500000
GAZP;60;20220926;160000;212.5800000
GAZP;60;20220926;170000;214.8900000
GAZP;60;20220926;180000;212.8400000
GAZP;60;20220926;190000;211.6500000
GAZP;60;20220926;200000;211.9900000
GAZP;60;20220926;210000;210.8900000
GAZP;60;20220926;220000;210.0600000
GAZP;60;20220926;230000;208.3600000
GAZP;60;20220927;000000;206.0000000
GAZP;60;20220927;110000;213.0000000
GAZP;60;20220927;120000;215.3800000
GAZP;60;20220927;130000;213.2800000
GAZP;60;20220927;140000;210.6000000
GAZP;60;20220927;150000;209.0000000
GAZP;60;20220927;160000;212.8700000
GAZP;60;20220927;170000;211.5000000
GAZP;60;20220927;180000;213.2500000
GAZP;60;20220927;190000;214.2000000
GAZP;60;20220927;200000;212.8000000
GAZP;60;20220927;210000;213.9500000
GAZP;60;20220927;220000;214.2200000
GAZP;60;20220927;230000;216.4000000
GAZP;60;20220928;000000;217.3000000
GAZP;60;20220928;110000;221.2600000
GAZP;60;20220928;120000;220.6000000
GAZP;60;20220928;130000;217.9000000
GAZP;60;20220928;140000;215.9000000
GAZP;60;20220928;150000;217.2600000
GAZP;60;20220928;160000;217.3600000
GAZP;60;20220928;170000;211.7000000
GAZP;60;20220928;180000;213.5600000
GAZP;60;20220928;190000;212.3400000
GAZP;60;20220928;200000;213.7300000
GAZP;60;20220928;210000;214.0600000
GAZP;60;20220928;220000;214.4000000
GAZP;60;20220928;230000;217.9500000
GAZP;60;20220929;000000;217.3800000
GAZP;60;20220929;110000;216.1200000
GAZP;60;20220929;120000;216.3000000
GAZP;60;20220929;130000;215.3000000
GAZP;60;20220929;140000;213.4500000
GAZP;60;20220929;150000;212.5100000
GAZP;60;20220929;160000;213.6400000
GAZP;60;20220929;170000;216.5900000
GAZP;60;20220929;180000;216.7800000
GAZP;60;20220929;190000;217.2600000
GAZP;60;20220929;200000;222.6900000
GAZP;60;20220929;210000;223.0000000
GAZP;60;20220929;220000;222.2900000
GAZP;60;20220929;230000;223.1000000
GAZP;60;20220930;000000;226.4600000
GAZP;60;20220930;110000;225.2900000
GAZP;60;20220930;120000;219.6400000
GAZP;60;20220930;130000;225.3800000
GAZP;60;20220930;140000;215.7500000
GAZP;60;20220930;150000;214.3000000
GAZP;60;20220930;160000;219.8700000
GAZP;60;20220930;170000;219.8000000
GAZP;60;20220930;180000;216.1400000
GAZP;60;20220930;190000;216.1100000
GAZP;60;20220930;200000;217.7600000
GAZP;60;20220930;210000;217.6900000
GAZP;60;20220930;220000;218.0300000
GAZP;60;20220930;230000;218.7500000
GAZP;60;20221001;000000;217.7000000
GAZP;60;20221003;110000;215.0800000
GAZP;60;20221003;120000;216.3600000
GAZP;60;20221003;130000;215.8800000
GAZP;60;20221003;140000;217.1000000
GAZP;60;20221003;150000;216.9400000
GAZP;60;20221003;160000;216.5400000
GAZP;60;20221003;170000;215.9100000
GAZP;60;20221003;180000;215.3000000
GAZP;60;20221003;190000;215.1300000
GAZP;60;20221003;200000;215.2500000
GAZP;60;20221003;210000;215.3500000
GAZP;60;20221003;220000;216.5000000
GAZP;60;20221003;230000;216.2800000
GAZP;60;20221004;000000;215.8300000
GAZP;60;20221004;110000;210.8500000
GAZP;60;20221004;120000;211.7900000
GAZP;60;20221004;130000;210.4000000
GAZP;60;20221004;140000;211.0400000
GAZP;60;20221004;150000;212.5900000
GAZP;60;20221004;160000;211.3300000
GAZP;60;20221004;170000;210.5000000
GAZP;60;20221004;180000;211.1900000
GAZP;60;20221004;190000;211.3000000
GAZP;60;20221004;200000;211.8000000
GAZP;60;20221004;210000;211.3700000
GAZP;60;20221004;220000;211.3900000
GAZP;60;20221004;230000;210.5000000
GAZP;60;20221005;000000;210.7200000
GAZP;60;20221005;110000;208.5700000
GAZP;60;20221005;120000;204.2300000
GAZP;60;20221005;130000;204.7600000
GAZP;60;20221005;140000;206.2000000
GAZP;60;20221005;150000;205.7400000
GAZP;60;20221005;160000;206.8300000
GAZP;60;20221005;170000;208.4000000
GAZP;60;20221005;180000;207.8700000
GAZP;60;20221005;190000;208.5000000
GAZP;60;20221005;200000;210.2600000
GAZP;60;20221005;210000;210.3800000
GAZP;60;20221005;220000;208.7500000
GAZP;60;20221005;230000;208.6900000
GAZP;60;20221006;000000;209.0500000
GAZP;60;20221006;110000;215.0300000
GAZP;60;20221006;120000;214.8000000
GAZP;60;20221006;130000;214.5400000
GAZP;60;20221006;140000;213.6600000
GAZP;60;20221006;150000;212.9200000
GAZP;60;20221006;160000;212.9800000
GAZP;60;20221006;170000;212.8900000
GAZP;60;20221006;180000;213.5700000
GAZP;60;20221006;190000;213.0000000
GAZP;60;20221006;200000;213.0000000
GAZP;60;20221006;210000;213.2000000
GAZP;60;20221006;220000;213.0700000
GAZP;60;20221006;230000;212.7800000
GAZP;60;20221007;000000;212.8600000
GAZP;60;20221007;110000;209.1600000
GAZP;60;20221007;120000;206.0800000
GAZP;60;20221007;130000;206.8300000
GAZP;60;20221007;140000;207.1800000
GAZP;60;20221007;150000;207.9000000
GAZP;60;20221007;160000;208.3900000
GAZP;60;20221007;170000;205.6500000
GAZP;60;20221007;180000;202.8000000
GAZP;60;20221007;190000;201.4000000
GAZP;60;20221007;200000;198.7000000
GAZP;60;20221007;210000;200.2200000
GAZP;60;20221007;220000;198.6000000
GAZP;60;20221007;230000;197.8000000
GAZP;60;20221008;000000;195.1500000
GAZP;60;20221010;110000;158.3900000
GAZP;60;20221010;120000;160.9300000
GAZP;60;20221010;130000;160.5900000
GAZP;60;20221010;140000;161.9600000
GAZP;60;20221010;150000;162.1700000
GAZP;60;20221010;160000;164.3000000
GAZP;60;20221010;170000;163.5600000
GAZP;60;20221010;180000;163.8000000
GAZP;60;20221010;190000;163.8000000
GAZP;60;20221010;200000;163.2500000
GAZP;60;20221010;210000;164.0800000
GAZP;60;20221010;220000;163.9400000
GAZP;60;20221010;230000;164.1600000
GAZP;60;20221011;000000;163.8900000
GAZP;60;20221011;110000;160.6900000
GAZP;60;20221011;120000;162.4700000
GAZP;60;20221011;130000;163.2600000
GAZP;60;20221011;140000;162.5400000
GAZP;60;20221011;150000;163.5000000
GAZP;60;20221011;160000;162.8700000
GAZP;60;20221011;170000;163.1500000
GAZP;60;20221011;180000;163.3000000
GAZP;60;20221011;190000;163.0000000
GAZP;60;20221011;200000;163.1900000
GAZP;60;20221011;210000;163.1900000
GAZP;60;20221011;220000;163.1600000
GAZP;60;20221011;230000;162.9900000
GAZP;60;20221012;000000;162.8900000
GAZP;60;20221012;110000;162.4700000
GAZP;60;20221012;120000;161.1800000
GAZP;60;20221012;130000;160.8000000
GAZP;60;20221012;140000;161.8000000
GAZP;60;20221012;150000;161.8000000
GAZP;60;20221012;160000;162.1000000
GAZP;60;20221012;170000;162.4300000
GAZP;60;20221012;180000;162.1300000
GAZP;60;20221012;190000;161.9700000
GAZP;60;20221012;200000;161.9800000
GAZP;60;20221012;210000;161.9300000
GAZP;60;20221012;220000;161.9300000
GAZP;60;20221012;230000;161.9500000
GAZP;60;20221013;000000;161.8000000
GAZP;60;20221013;110000;161.2900000
GAZP;60;20221013;120000;161.4300000
GAZP;60;20221013;130000;160.9500000
GAZP;60;20221013;140000;161.2000000
GAZP;60;20221013;150000;160.8100000
GAZP;60;20221013;160000;160.0800000
GAZP;60;20221013;170000;160.4500000
GAZP;60;20221013;180000;160.2400000
GAZP;60;20221013;190000;161.0000000
GAZP;60;20221013;200000;161.2100000
GAZP;60;20221013;210000;161.1500000
GAZP;60;20221013;220000;160.9500000
GAZP;60;20221013;230000;160.5700000
GAZP;60;20221014;000000;160.8400000
GAZP;60;20221014;110000;160.4000000
GAZP;60;20221014;120000;159.8000000
GAZP;60;20221014;130000;159.8000000
GAZP;60;20221014;140000;159.6900000
GAZP;60;20221014;150000;159.1100000
GAZP;60;20221014;160000;159.0700000
GAZP;60;20221014;170000;159.5600000
GAZP;60;20221014;180000;159.7100000
GAZP;60;20221014;190000;159.3800000
GAZP;60;20221014;200000;159.6000000
GAZP;60;20221014;210000;159.5200000
GAZP;60;20221014;220000;159.6900000
GAZP;60;20221014;230000;159.4800000
GAZP;60;20221015;000000;159.6000000
GAZP;60;20221017;110000;161.4900000
GAZP;60;20221017;120000;161.3600000
GAZP;60;20221017;130000;161.3500000
GAZP;60;20221017;140000;162.8700000
GAZP;60;20221017;150000;162.8800000
GAZP;60;20221017;160000;162.6600000
GAZP;60;20221017;170000;163.0100000
GAZP;60;20221017;180000;162.4000000
GAZP;60;20221017;190000;162.5000000
GAZP;60;20221017;200000;162.3100000
GAZP;60;20221017;210000;162.4000000
GAZP;60;20221017;220000;162.7000000
GAZP;60;20221017;230000;162.7900000
GAZP;60;20221018;000000;163.2400000
GAZP;60;20221018;110000;162.7500000
GAZP;60;20221018;120000;162.8600000
GAZP;60;20221018;130000;163.5600000
GAZP;60;20221018;140000;163.5900000
GAZP;60;20221018;150000;163.0600000
GAZP;60;20221018;160000;163.1000000
GAZP;60;20221018;170000;163.0600000
GAZP;60;20221018;180000;163.1000000
GAZP;60;20221018;190000;163.0000000
GAZP;60;20221018;200000;162.8000000
GAZP;60;20221018;210000;162.4700000
GAZP;60;20221018;220000;160.6400000
GAZP;60;20221018;230000;159.8600000
GAZP;60;20221019;000000;160.2000000
GAZP;60;20221019;110000;157.9000000
GAZP;60;20221019;120000;158.9900000
GAZP;60;20221019;130000;159.0300000
GAZP;60;20221019;140000;159.4000000
GAZP;60;20221019;150000;159.9500000
GAZP;60;20221019;160000;159.8800000
GAZP;60;20221019;170000;160.0800000
GAZP;60;20221019;180000;159.8500000
GAZP;60;20221019;190000;160.4600000
GAZP;60;20221019;200000;160.9500000
GAZP;60;20221019;210000;160.9900000
GAZP;60;20221019;220000;161.1400000
GAZP;60;20221019;230000;161.0300000
GAZP;60;20221020;000000;161.2900000
GAZP;60;20221020;110000;162.1000000
GAZP;60;20221020;120000;160.9300000
GAZP;60;20221020;130000;161.7000000
GAZP;60;20221020;140000;161.5300000
GAZP;60;20221020;150000;161.6000000
GAZP;60;20221020;160000;160.8300000
GAZP;60;20221020;170000;160.6000000
GAZP;60;20221020;180000;160.7300000
GAZP;60;20221020;190000;160.6000000
GAZP;60;20221020;200000;160.7300000
GAZP;60;20221020;210000;160.6900000
GAZP;60;20221020;220000;160.9000000
GAZP;60;20221020;230000;160.8400000
GAZP;60;20221021;000000;160.7500000
GAZP;60;20221021;110000;159.9500000
GAZP;60;20221021;120000;159.2200000
GAZP;60;20221021;130000;159.6700000
GAZP;60;20221021;140000;160.4000000
GAZP;60;20221021;150000;160.7700000
GAZP;60;20221021;160000;160.9300000
GAZP;60;20221021;170000;161.6900000
GAZP;60;20221021;180000;161.8500000
GAZP;60;20221021;190000;163.0000000
GAZP;60;20221021;200000;166.7400000
GAZP;60;20221021;210000;166.4800000
GAZP;60;20221021;220000;166.3900000
GAZP;60;20221021;230000;166.9000000
GAZP;60;20221022;000000;166.9900000
GAZP;60;20221024;110000;168.3600000
GAZP;60;20221024;120000;166.6600000
GAZP;60;20221024;130000;166.7400000
GAZP;60;20221024;140000;166.1300000
GAZP;60;20221024;150000;165.8000000
GAZP;60;20221024;160000;166.1600000
GAZP;60;20221024;170000;166.5500000
GAZP;60;20221024;180000;165.8700000
GAZP;60;20221024;190000;165.9000000
GAZP;60;20221024;200000;165.9800000
GAZP;60;20221024;210000;165.9900000
GAZP;60;20221024;220000;165.9800000
GAZP;60;20221024;230000;166.0000000
GAZP;60;20221025;000000;165.4700000
GAZP;60;20221025;110000;165.1800000
GAZP;60;20221025;120000;167.2000000
GAZP;60;20221025;130000;167.9300000
GAZP;60;20221025;140000;168.8300000
GAZP;60;20221025;150000;169.1900000
GAZP;60;20221025;160000;168.9600000
GAZP;60;20221025;170000;170.1700000
GAZP;60;20221025;180000;171.7500000
GAZP;60;20221025;190000;173.7900000
GAZP;60;20221025;200000;173.0500000
GAZP;60;20221025;210000;172.2300000
GAZP;60;20221025;220000;171.8500000
GAZP;60;20221025;230000;172.3600000
GAZP;60;20221026;000000;172.3800000
GAZP;60;20221026;110000;170.8900000
GAZP;60;20221026;120000;171.6200000
GAZP;60;20221026;130000;170.9500000
GAZP;60;20221026;140000;169.7500000
GAZP;60;20221026;150000;170.0300000
GAZP;60;20221026;160000;170.5500000
GAZP;60;20221026;170000;169.7800000
GAZP;60;20221026;180000;171.3100000
GAZP;60;20221026;190000;171.4900000
GAZP;60;20221026;200000;172.0700000
GAZP;60;20221026;210000;172.0900000
GAZP;60;20221026;220000;171.9400000
GAZP;60;20221026;230000;172.2000000
GAZP;60;20221027;000000;171.9800000
GAZP;60;20221027;110000;173.2800000
GAZP;60;20221027;120000;173.5000000
GAZP;60;20221027;130000;173.2900000
GAZP;60;20221027;140000;173.1300000
GAZP;60;20221027;150000;172.0400000
GAZP;60;20221027;160000;172.7000000
GAZP;60;20221027;170000;172.7400000
GAZP;60;20221027;180000;173.0800000
GAZP;60;20221027;190000;173.0600000
GAZP;60;20221027;200000;172.9000000
GAZP;60;20221027;210000;173.0600000
GAZP;60;20221027;220000;173.1600000
GAZP;60;20221027;230000;173.1500000
GAZP;60;20221028;000000;172.4700000
GAZP;60;20221028;110000;170.2800000
GAZP;60;20221028;120000;170.0100000
GAZP;60;20221028;130000;170.7800000
GAZP;60;20221028;140000;171.0400000
GAZP;60;20221028;150000;170.7100000
GAZP;60;20221028;160000;170.1500000
GAZP;60;20221028;170000;170.2600000
GAZP;60;20221028;180000;170.4200000
GAZP;60;20221028;190000;170.3000000
GAZP;60;20221028;200000;170.3900000
GAZP;60;20221028;210000;170.5000000
GAZP;60;20221028;220000;170.8000000
GAZP;60;20221028;230000;170.8400000
GAZP;60;20221029;000000;170.7300000
GAZP;60;20221031;110000;170.3300000
GAZP;60;20221031;120000;170.0000000
GAZP;60;20221031;130000;170.0600000
GAZP;60;20221031;140000;169.7200000
GAZP;60;20221031;150000;170.0500000
GAZP;60;20221031;160000;169.9800000
GAZP;60;20221031;170000;169.5600000
GAZP;60;20221031;180000;170.0000000
GAZP;60;20221031;190000;170.0000000
GAZP;60;20221031;200000;170.0600000
GAZP;60;20221031;210000;170.1400000
GAZP;60;20221031;220000;170.2900000
GAZP;60;20221031;230000;170.2400000
GAZP;60;20221101;000000;170.2700000
GAZP;60;20221101;110000;170.7300000
GAZP;60;20221101;120000;170.6100000
GAZP;60;20221101;130000;170.9200000
GAZP;60;20221101;140000;170.2700000
GAZP;60;20221101;150000;170.5000000
GAZP;60;20221101;160000;170.3700000
GAZP;60;20221101;170000;170.4800000
GAZP;60;20221101;180000;169.8600000
GAZP;60;20221101;190000;170.0000000
GAZP;60;20221101;200000;170.1000000
GAZP;60;20221101;210000;170.1000000
GAZP;60;20221101;220000;170.0200000
GAZP;60;20221101;230000;169.9800000
GAZP;60;20221102;000000;169.9200000
GAZP;60;20221102;110000;169.1200000
GAZP;60;20221102;120000;169.4900000
GAZP;60;20221102;130000;169.5000000
GAZP;60;20221102;140000;169.9000000
GAZP;60;20221102;150000;169.7700000
GAZP;60;20221102;160000;169.8500000
GAZP;60;20221102;170000;169.6000000
GAZP;60;20221102;180000;169.7600000
GAZP;60;20221102;190000;170.2900000
GAZP;60;20221102;200000;169.9900000
GAZP;60;20221102;210000;169.9000000
GAZP;60;20221102;220000;169.7300000
GAZP;60;20221102;230000;169.4900000
GAZP;60;20221103;000000;167.7200000
GAZP;60;20221103;110000;167.5000000
GAZP;60;20221103;120000;167.5000000
GAZP;60;20221103;130000;167.2000000
GAZP;60;20221103;140000;167.8300000
GAZP;60;20221103;150000;167.6600000
GAZP;60;20221103;160000;167.6900000
GAZP;60;20221103;170000;168.8000000
GAZP;60;20221103;180000;169.3800000
GAZP;60;20221103;190000;169.4700000
GAZP;60;20221103;200000;169.4900000
GAZP;60;20221103;210000;168.8500000
GAZP;60;20221103;220000;169.1700000
GAZP;60;20221103;230000;169.1300000
GAZP;60;20221104;000000;169.1400000
GAZP;60;20221107;110000;170.6200000
GAZP;60;20221107;120000;170.5000000
GAZP;60;20221107;130000;170.2300000
GAZP;60;20221107;140000;169.8800000
GAZP;60;20221107;150000;169.9400000
GAZP;60;20221107;160000;169.9200000
GAZP;60;20221107;170000;169.8500000
GAZP;60;20221107;180000;169.7300000
GAZP;60;20221107;190000;169.9900000
GAZP;60;20221107;200000;170.1000000
GAZP;60;20221107;210000;170.0300000
GAZP;60;20221107;220000;169.8500000
GAZP;60;20221107;230000;169.8400000
GAZP;60;20221108;000000;169.8500000
GAZP;60;20221108;110000;169.9000000
GAZP;60;20221108;120000;169.8500000
GAZP;60;20221108;130000;169.8200000
GAZP;60;20221108;140000;170.0900000
GAZP;60;20221108;150000;171.1800000
GAZP;60;20221108;160000;171.1500000
GAZP;60;20221108;170000;170.6500000
GAZP;60;20221108;180000;170.6300000
GAZP;60;20221108;190000;170.0000000
GAZP;60;20221108;200000;170.3700000
GAZP;60;20221108;210000;170.4500000
GAZP;60;20221108;220000;169.9900000
GAZP;60;20221108;230000;169.5000000
GAZP;60;20221109;000000;169.9700000
GAZP;60;20221109;110000;169.2700000
GAZP;60;20221109;120000;168.1500000
GAZP;60;20221109;130000;168.1800000
GAZP;60;20221109;140000;168.3400000
GAZP;60;20221109;150000;169.0900000
GAZP;60;20221109;160000;169.1700000
GAZP;60;20221109;170000;168.7700000
GAZP;60;20221109;180000;168.7500000
GAZP;60;20221109;190000;168.1000000
GAZP;60;20221109;200000;167.6200000
GAZP;60;20221109;210000;167.6400000
GAZP;60;20221109;220000;167.2600000
GAZP;60;20221109;230000;167.1000000
GAZP;60;20221110;000000;167.1000000
GAZP;60;20221110;110000;167.6300000
GAZP;60;20221110;120000;169.5900000
GAZP;60;20221110;130000;168.8800000
GAZP;60;20221110;140000;169.3800000
GAZP;60;20221110;150000;169.7400000
GAZP;60;20221110;160000;168.9300000
GAZP;60;20221110;170000;168.3700000
GAZP;60;20221110;180000;168.4000000
GAZP;60;20221110;190000;168.4000000
GAZP;60;20221110;200000;169.2900000
GAZP;60;20221110;210000;168.8600000
GAZP;60;20221110;220000;168.9000000
GAZP;60;20221110;230000;168.9000000
GAZP;60;20221111;000000;168.9000000
GAZP;60;20221111;110000;168.0900000
GAZP;60;20221111;120000;168.2400000
GAZP;60;20221111;130000;168.1500000
GAZP;60;20221111;140000;168.6100000
GAZP;60;20221111;150000;168.4900000
GAZP;60;20221111;160000;168.7100000
GAZP;60;20221111;170000;168.6000000
GAZP;60;20221111;180000;169.0100000
GAZP;60;20221111;190000;169.9600000
GAZP;60;20221111;200000;169.8900000
GAZP;60;20221111;210000;169.8500000
GAZP;60;20221111;220000;169.9700000
GAZP;60;20221111;230000;169.8500000
GAZP;60;20221112;000000;169.8600000
GAZP;60;20221114;110000;170.6600000
GAZP;60;20221114;120000;170.4600000
GAZP;60;20221114;130000;170.2300000
GAZP;60;20221114;140000;169.7200000
GAZP;60;20221114;150000;169.1200000
GAZP;60;20221114;160000;169.0600000
GAZP;60;20221114;170000;167.9800000
GAZP;60;20221114;180000;168.2000000
GAZP;60;20221114;190000;169.6300000
GAZP;60;20221114;200000;169.2000000
GAZP;60;20221114;210000;169.3000000
GAZP;60;20221114;220000;169.3000000
GAZP;60;20221114;230000;169.5500000
GAZP;60;20221115;000000;169.6000000
GAZP;60;20221115;110000;169.9000000
GAZP;60;20221115;120000;168.9300000
GAZP;60;20221115;130000;169.3800000
GAZP;60;20221115;140000;169.2200000
GAZP;60;20221115;150000;168.9200000
GAZP;60;20221115;160000;168.6000000
GAZP;60;20221115;170000;169.2500000
GAZP;60;20221115;180000;169.3400000
GAZP;60;20221115;190000;169.2500000
GAZP;60;20221115;200000;169.0500000
GAZP;60;20221115;210000;169.1100000
GAZP;60;20221115;220000;164.9400000
GAZP;60;20221115;230000;166.7200000
GAZP;60;20221116;000000;166.2500000
GAZP;60;20221116;110000;168.1100000
GAZP;60;20221116;120000;167.9400000
GAZP;60;20221116;130000;168.7100000
GAZP;60;20221116;140000;168.4600000
GAZP;60;20221116;150000;168.1400000
GAZP;60;20221116;160000;168.5600000
GAZP;60;20221116;170000;168.6100000
GAZP;60;20221116;180000;168.5800000
GAZP;60;20221116;190000;168.8800000
GAZP;60;20221116;200000;168.5900000
GAZP;60;20221116;210000;168.4400000
GAZP;60;20221116;220000;168.4400000
GAZP;60;20221116;230000;168.7900000
GAZP;60;20221117;000000;168.7600000
GAZP;60;20221117;110000;169.1700000
GAZP;60;20221117;120000;168.7700000
GAZP;60;20221117;130000;169.1800000
GAZP;60;20221117;140000;168.9600000
GAZP;60;20221117;150000;168.9800000
GAZP;60;20221117;160000;169.0800000
GAZP;60;20221117;170000;168.6800000
GAZP;60;20221117;180000;169.0000000
GAZP;60;20221117;190000;168.8100000
GAZP;60;20221117;200000;168.5600000
GAZP;60;20221117;210000;168.6400000
GAZP;60;20221117;220000;168.6200000
GAZP;60;20221117;230000;168.8500000
GAZP;60;20221118;000000;168.9900000
GAZP;60;20221118;110000;168.8400000
GAZP;60;20221118;120000;168.2500000
GAZP;60;20221118;130000;167.6500000
GAZP;60;20221118;140000;168.0200000
GAZP;60;20221118;150000;168.1500000
GAZP;60;20221118;160000;168.1900000
GAZP;60;20221118;170000;167.9500000
GAZP;60;20221118;180000;168.6000000
GAZP;60;20221118;190000;168.6900000
GAZP;60;20221118;200000;168.4200000
GAZP;60;20221118;210000;168.4000000
GAZP;60;20221118;220000;168.5600000
GAZP;60;20221118;230000;168.6700000
GAZP;60;20221119;000000;168.7900000
GAZP;60;20221121;110000;167.8300000
GAZP;60;20221121;120000;167.0100000
GAZP;60;20221121;130000;167.4900000
GAZP;60;20221121;140000;167.5000000
GAZP;60;20221121;150000;167.5000000
GAZP;60;20221121;160000;167.8000000
GAZP;60;20221121;170000;168.0000000
GAZP;60;20221121;180000;167.5800000
GAZP;60;20221121;190000;167.6400000
GAZP;60;20221121;200000;167.6000000
GAZP;60;20221121;210000;167.9900000
GAZP;60;20221121;220000;168.0800000
GAZP;60;20221121;230000;167.9200000
GAZP;60;20221122;000000;168.1300000
GAZP;60;20221122;110000;168.1400000
GAZP;60;20221122;120000;167.9400000
GAZP;60;20221122;130000;167.8600000
GAZP;60;20221122;140000;167.8100000
GAZP;60;20221122;150000;167.5200000
GAZP;60;20221122;160000;167.6500000
GAZP;60;20221122;170000;167.7000000
GAZP;60;20221122;180000;168.1000000
GAZP;60;20221122;190000;168.2900000
GAZP;60;20221122;200000;168.0000000
GAZP;60;20221122;210000;168.0000000
GAZP;60;20221122;220000;167.9800000
GAZP;60;20221122;230000;167.8900000
GAZP;60;20221123;000000;168.0800000
GAZP;60;20221123;110000;167.8600000
GAZP;60;20221123;120000;168.0100000
GAZP;60;20221123;130000;169.1700000
GAZP;60;20221123;140000;169.8400000
GAZP;60;20221123;150000;169.4000000
GAZP;60;20221123;160000;169.1500000
GAZP;60;20221123;170000;169.0000000
GAZP;60;20221123;180000;169.2500000
GAZP;60;20221123;190000;169.0000000
GAZP;60;20221123;200000;168.7100000
GAZP;60;20221123;210000;168.8400000
GAZP;60;20221123;220000;168.9700000
GAZP;60;20221123;230000;169.1000000
GAZP;60;20221124;000000;169.1500000
GAZP;60;20221124;110000;169.7200000
GAZP;60;20221124;120000;170.1700000
GAZP;60;20221124;130000;169.7600000
GAZP;60;20221124;140000;169.7500000
GAZP;60;20221124;150000;169.3700000
GAZP;60;20221124;160000;169.3100000
GAZP;60;20221124;170000;169.1700000
GAZP;60;20221124;180000;169.0300000
GAZP;60;20221124;190000;169.2900000
GAZP;60;20221124;200000;169.1500000
GAZP;60;20221124;210000;169.0500000
GAZP;60;20221124;220000;168.9800000
GAZP;60;20221124;230000;168.9400000
GAZP;60;20221125;000000;168.9600000
GAZP;60;20221125;110000;168.2200000
GAZP;60;20221125;120000;168.7100000
GAZP;60;20221125;130000;168.7300000
GAZP;60;20221125;140000;168.7300000
GAZP;60;20221125;150000;168.9900000
GAZP;60;20221125;160000;168.8600000
GAZP;60;20221125;170000;169.0900000
GAZP;60;20221125;180000;169.0100000
GAZP;60;20221125;190000;169.1800000
GAZP;60;20221125;200000;168.9800000
GAZP;60;20221125;210000;168.9500000
GAZP;60;20221125;220000;168.8800000
GAZP;60;20221125;230000;169.0000000
GAZP;60;20221126;000000;169.0300000
GAZP;60;20221128;110000;168.1000000
GAZP;60;20221128;120000;168.0000000
GAZP;60;20221128;130000;167.8700000
GAZP;60;20221128;140000;167.8100000
GAZP;60;20221128;150000;168.2900000
GAZP;60;20221128;160000;168.1300000
GAZP;60;20221128;170000;168.3200000
GAZP;60;20221128;180000;168.4200000
GAZP;60;20221128;190000;168.6000000
GAZP;60;20221128;200000;168.4900000
GAZP;60;20221128;210000;168.5400000
GAZP;60;20221128;220000;168.4900000
GAZP;60;20221128;230000;168.3500000
GAZP;60;20221129;000000;168.1000000
GAZP;60;20221129;110000;168.2200000
GAZP;60;20221129;120000;168.2100000
GAZP;60;20221129;130000;168.0000000
GAZP;60;20221129;140000;168.0400000
GAZP;60;20221129;150000;168.0100000
GAZP;60;20221129;160000;168.3400000
GAZP;60;20221129;170000;168.3900000
GAZP;60;20221129;180000;168.2000000
GAZP;60;20221129;190000;168.0000000
GAZP;60;20221129;200000;168.1500000
GAZP;60;20221129;210000;168.2500000
GAZP;60;20221129;220000;168.2300000
GAZP;60;20221129;230000;168.1800000
GAZP;60;20221130;000000;168.1000000
GAZP;60;20221130;110000;168.1500000
GAZP;60;20221130;120000;168.1600000
GAZP;60;20221130;130000;168.1500000
GAZP;60;20221130;140000;168.0600000
GAZP;60;20221130;150000;168.0400000
GAZP;60;20221130;160000;167.9800000
GAZP;60;20221130;170000;168.0000000
GAZP;60;20221130;180000;167.8600000
GAZP;60;20221130;190000;167.7000000
GAZP;60;20221130;200000;167.6900000
GAZP;60;20221130;210000;167.6500000
GAZP;60;20221130;220000;167.7000000
GAZP;60;20221130;230000;167.7500000
GAZP;60;20221201;000000;167.7000000
GAZP;60;20221201;110000;168.0500000
GAZP;60;20221201;120000;167.4000000
GAZP;60;20221201;130000;167.1400000
GAZP;60;20221201;140000;166.8800000
GAZP;60;20221201;150000;167.1700000
GAZP;60;20221201;160000;167.0800000
GAZP;60;20221201;170000;167.0100000
GAZP;60;20221201;180000;166.9900000
GAZP;60;20221201;190000;167.0000000
GAZP;60;20221201;200000;166.9300000
GAZP;60;20221201;210000;166.9600000
GAZP;60;20221201;220000;166.9800000
GAZP;60;20221201;230000;166.9400000
GAZP;60;20221202;000000;166.9800000
GAZP;60;20221202;110000;165.5900000
GAZP;60;20221202;120000;165.5800000
GAZP;60;20221202;130000;165.2400000
GAZP;60;20221202;140000;164.3800000
GAZP;60;20221202;150000;165.0600000
GAZP;60;20221202;160000;165.3300000
GAZP;60;20221202;170000;165.5900000
GAZP;60;20221202;180000;165.8700000
GAZP;60;20221202;190000;166.0800000
GAZP;60;20221202;200000;165.8600000
GAZP;60;20221202;210000;165.9700000
GAZP;60;20221202;220000;165.8400000
GAZP;60;20221202;230000;165.7800000
GAZP;60;20221203;000000;165.8600000
GAZP;60;20221205;110000;166.7000000
GAZP;60;20221205;120000;165.8600000
GAZP;60;20221205;130000;165.6200000
GAZP;60;20221205;140000;166.1600000
GAZP;60;20221205;150000;166.0400000
GAZP;60;20221205;160000;166.0100000
GAZP;60;20221205;170000;165.6800000
GAZP;60;20221205;180000;165.6600000
GAZP;60;20221205;190000;165.6100000
GAZP;60;20221205;200000;165.4800000
GAZP;60;20221205;210000;165.3000000
GAZP;60;20221205;220000;165.1000000
GAZP;60;20221205;230000;165.0400000
GAZP;60;20221206;000000;165.0300000
GAZP;60;20221206;110000;163.9000000
GAZP;60;20221206;120000;163.9000000
GAZP;60;20221206;130000;163.8800000
GAZP;60;20221206;140000;163.9500000
GAZP;60;20221206;150000;164.4400000
GAZP;60;20221206;160000;164.4700000
GAZP;60;20221206;170000;165.2000000
GAZP;60;20221206;180000;164.9900000
GAZP;60;20221206;190000;165.0000000
GAZP;60;20221206;200000;164.5900000
GAZP;60;20221206;210000;164.3200000
GAZP;60;20221206;220000;164.3400000
GAZP;60;20221206;230000;164.3700000
GAZP;60;20221207;000000;164.3000000
GAZP;60;20221207;110000;163.3400000
GAZP;60;20221207;120000;163.1600000
GAZP;60;20221207;130000;163.1700000
GAZP;60;20221207;140000;163.1200000
GAZP;60;20221207;150000;163.0600000
GAZP;60;20221207;160000;163.2400000
GAZP;60;20221207;170000;163.9800000
GAZP;60;20221207;180000;164.1100000
GAZP;60;20221207;190000;164.1900000
GAZP;60;20221207;200000;163.9300000
GAZP;60;20221207;210000;163.7000000
GAZP;60;20221207;220000;163.9500000
GAZP;60;20221207;230000;163.8500000
GAZP;60;20221208;000000;163.7000000
GAZP;60;20221208;110000;163.1200000
GAZP;60;20221208;120000;163.0900000
GAZP;60;20221208;130000;163.0800000
GAZP;60;20221208;140000;162.9700000
GAZP;60;20221208;150000;163.1000000
GAZP;60;20221208;160000;162.9100000
GAZP;60;20221208;170000;163.0000000
GAZP;60;20221208;180000;163.2700000
GAZP;60;20221208;190000;163.7500000
GAZP;60;20221208;200000;163.4300000
GAZP;60;20221208;210000;163.3400000
GAZP;60;20221208;220000;163.1700000
GAZP;60;20221208;230000;163.0700000
GAZP;60;20221209;000000;163.0000000
GAZP;60;20221209;110000;163.0000000
GAZP;60;20221209;120000;162.9600000
GAZP;60;20221209;130000;162.9200000
GAZP;60;20221209;140000;162.9900000
GAZP;60;20221209;150000;162.9600000
GAZP;60;20221209;160000;162.7000000
GAZP;60;20221209;170000;162.7200000
GAZP;60;20221209;180000;162.9100000
GAZP;60;20221209;190000;163.2900000
GAZP;60;20221209;200000;163.1200000
GAZP;60;20221209;210000;162.9800000
GAZP;60;20221209;220000;162.7900000
GAZP;60;20221209;230000;162.8700000
GAZP;60;20221210;000000;162.7500000
GAZP;60;20221212;110000;162.3400000
GAZP;60;20221212;120000;162.2400000
GAZP;60;20221212;130000;162.3500000
GAZP;60;20221212;140000;162.2700000
GAZP;60;20221212;150000;162.3900000
GAZP;60;20221212;160000;162.8300000
GAZP;60;20221212;170000;163.4700000
GAZP;60;20221212;180000;162.7200000
GAZP;60;20221212;190000;162.9800000
GAZP;60;20221212;200000;162.7800000
GAZP;60;20221212;210000;162.8300000
GAZP;60;20221212;220000;162.8700000
GAZP;60;20221212;230000;163.0200000
GAZP;60;20221213;000000;162.8900000
GAZP;60;20221213;110000;162.8200000
GAZP;60;20221213;120000;163.0000000
GAZP;60;20221213;130000;163.0000000
GAZP;60;20221213;140000;162.6000000
GAZP;60;20221213;150000;162.1100000
GAZP;60;20221213;160000;162.1900000
GAZP;60;20221213;170000;162.2900000
GAZP;60;20221213;180000;162.4500000
GAZP;60;20221213;190000;162.8000000
GAZP;60;20221213;200000;162.3800000
GAZP;60;20221213;210000;162.3600000
GAZP;60;20221213;220000;162.2000000
GAZP;60;20221213;230000;162.1400000
GAZP;60;20221214;000000;162.4000000
GAZP;60;20221214;110000;161.2900000
GAZP;60;20221214;120000;161.5100000
GAZP;60;20221214;130000;161.8400000
GAZP;60;20221214;140000;161.1900000
GAZP;60;20221214;150000;161.1300000
GAZP;60;20221214;160000;160.9000000
GAZP;60;20221214;170000;160.6500000
GAZP;60;20221214;180000;160.8300000
GAZP;60;20221214;190000;160.9700000
GAZP;60;20221214;200000;161.2400000
GAZP;60;20221214;210000;161.0500000
GAZP;60;20221214;220000;161.2200000
GAZP;60;20221214;230000;161.1500000
GAZP;60;20221215;000000;160.7400000
GAZP;60;20221215;110000;159.8900000
GAZP;60;20221215;120000;159.8500000
GAZP;60;20221215;130000;159.4400000
GAZP;60;20221215;140000;159.8900000
GAZP;60;20221215;150000;159.3500000
GAZP;60;20221215;160000;158.6700000
GAZP;60;20221215;170000;158.5300000
GAZP;60;20221215;180000;159.5800000
GAZP;60;20221215;190000;160.7400000
GAZP;60;20221215;200000;160.5400000
GAZP;60;20221215;210000;160.7500000
GAZP;60;20221215;220000;160.6800000
GAZP;60;20221215;230000;160.4200000
GAZP;60;20221216;000000;160.3100000
GAZP;60;20221216;110000;161.1500000
GAZP;60;20221216;120000;161.3100000
GAZP;60;20221216;130000;161.8400000
GAZP;60;20221216;140000;160.3100000
GAZP;60;20221216;150000;160.3000000
GAZP;60;20221216;160000;160.2900000
